%output by FEEM
%timesteps, displacements, velocities, accelerations, magneticforce
results = [
0.00000000e+00,0.00000000e+00,0.00000000e+00,0.00000000e+00,0.00000000e+00,; 
5.00000000e-04,0.00000000e+00,0.00000000e+00,0.00000000e+00,1.56901174e-02,; 
1.00000000e-03,0.00000000e+00,0.00000000e+00,0.00000000e+00,6.09582856e-02,; 
1.50000000e-03,0.00000000e+00,0.00000000e+00,0.00000000e+00,1.33250038e-01,; 
2.00000000e-03,0.00000000e+00,0.00000000e+00,0.00000000e+00,2.30160718e-01,; 
2.50000000e-03,0.00000000e+00,0.00000000e+00,0.00000000e+00,3.49472729e-01,; 
3.00000000e-03,0.00000000e+00,0.00000000e+00,0.00000000e+00,4.89098230e-01,; 
3.50000000e-03,0.00000000e+00,0.00000000e+00,0.00000000e+00,6.47099399e-01,; 
4.00000000e-03,0.00000000e+00,0.00000000e+00,0.00000000e+00,8.21664074e-01,; 
4.50000000e-03,0.00000000e+00,0.00000000e+00,0.00000000e+00,1.01112190e+00,; 
5.00000000e-03,0.00000000e+00,0.00000000e+00,0.00000000e+00,1.21402575e+00,; 
5.50000000e-03,0.00000000e+00,0.00000000e+00,0.00000000e+00,1.42882383e+00,; 
6.00000000e-03,0.00000000e+00,0.00000000e+00,0.00000000e+00,1.65403027e+00,; 
6.50000000e-03,0.00000000e+00,0.00000000e+00,0.00000000e+00,1.88841277e+00,; 
7.00000000e-03,0.00000000e+00,0.00000000e+00,0.00000000e+00,2.13081575e+00,; 
7.50000000e-03,0.00000000e+00,0.00000000e+00,0.00000000e+00,2.38029240e+00,; 
8.00000000e-03,0.00000000e+00,0.00000000e+00,0.00000000e+00,2.63570344e+00,; 
8.50000000e-03,0.00000000e+00,0.00000000e+00,0.00000000e+00,2.89796398e+00,; 
9.00000000e-03,0.00000000e+00,0.00000000e+00,0.00000000e+00,3.16429279e+00,; 
9.50000000e-03,0.00000000e+00,0.00000000e+00,0.00000000e+00,3.43262100e+00,; 
1.00000000e-02,0.00000000e+00,0.00000000e+00,0.00000000e+00,3.70162328e+00,; 
1.05000000e-02,0.00000000e+00,0.00000000e+00,0.00000000e+00,3.97084476e+00,; 
1.10000000e-02,0.00000000e+00,0.00000000e+00,0.00000000e+00,4.23992685e+00,; 
1.15000000e-02,0.00000000e+00,0.00000000e+00,0.00000000e+00,4.50746052e+00,; 
1.20000000e-02,0.00000000e+00,0.00000000e+00,0.00000000e+00,4.77153000e+00,; 
1.25000000e-02,0.00000000e+00,0.00000000e+00,0.00000000e+00,5.03339427e+00,; 
1.30000000e-02,0.00000000e+00,0.00000000e+00,0.00000000e+00,5.29281583e+00,; 
1.35000000e-02,0.00000000e+00,0.00000000e+00,0.00000000e+00,5.54768407e+00,; 
1.40000000e-02,0.00000000e+00,0.00000000e+00,0.00000000e+00,5.79992940e+00,; 
1.45000000e-02,0.00000000e+00,0.00000000e+00,0.00000000e+00,6.04716391e+00,; 
1.50000000e-02,1.22822669e-07,4.91290678e-04,1.96516271e+00,6.28949041e+00,; 
1.55000000e-02,1.24505342e-06,3.99763231e-03,1.20602038e+01,6.51970881e+00,; 
1.60000000e-02,5.34983902e-06,1.24215101e-02,2.16353074e+01,6.76126974e+00,; 
1.65000000e-02,1.48901108e-05,2.57395769e-02,3.16369599e+01,6.99550115e+00,; 
1.70000000e-02,3.23152893e-05,4.39611369e-02,4.12492802e+01,7.24918944e+00,; 
1.75000000e-02,6.00958468e-05,6.71610931e-02,5.15505444e+01,7.49718641e+00,; 
1.80000000e-02,1.00739225e-04,9.54124197e-02,6.14547618e+01,7.80121844e+00,; 
1.85000000e-02,1.56879804e-04,1.29149896e-01,7.34951448e+01,8.11431693e+00,; 
1.90000000e-02,2.31402823e-04,1.68942179e-01,8.56739875e+01,8.46535449e+00,; 
1.95000000e-02,3.27425397e-04,2.15148117e-01,9.91497618e+01,8.83676288e+00,; 
2.00000000e-02,4.48267711e-04,2.68221138e-01,1.13142323e+02,9.36436279e+00,; 
2.05000000e-02,5.97778399e-04,3.29821617e-01,1.33259595e+02,1.00051000e+01,; 
2.10000000e-02,7.80870946e-04,4.02548571e-01,1.57648222e+02,1.08373501e+01,; 
2.15000000e-02,1.00384187e-03,4.89335121e-01,1.89497977e+02,1.17766718e+01,; 
2.20000000e-02,1.27442763e-03,5.93007927e-01,2.25193246e+02,1.31244715e+01,; 
2.25000000e-02,1.60232950e-03,7.18599528e-01,2.77173159e+02,1.55751141e+01,; 
2.30000000e-02,2.00234132e-03,8.81447763e-01,3.74219778e+02,2.25728371e+01,; 
2.35000000e-02,2.47921574e-03,1.02604993e+00,2.04188902e+02,7.02489924e+01,; 
2.40000000e-02,2.49000000e-03,0.00000000e+00,0.00000000e+00,7.29543825e+01,; 
2.45000000e-02,2.49000000e-03,0.00000000e+00,0.00000000e+00,7.36494612e+01,; 
2.50000000e-02,2.49000000e-03,0.00000000e+00,0.00000000e+00,7.42668986e+01,; 
2.55000000e-02,2.49000000e-03,0.00000000e+00,0.00000000e+00,7.48455234e+01,; 
2.60000000e-02,2.49000000e-03,0.00000000e+00,0.00000000e+00,7.53600695e+01,; 
2.65000000e-02,2.49000000e-03,0.00000000e+00,0.00000000e+00,7.58260366e+01,; 
2.70000000e-02,2.49000000e-03,0.00000000e+00,0.00000000e+00,7.62369815e+01,; 
2.75000000e-02,2.49000000e-03,0.00000000e+00,0.00000000e+00,7.65986649e+01,; 
2.80000000e-02,2.49000000e-03,0.00000000e+00,0.00000000e+00,7.69210667e+01,; 
2.85000000e-02,2.49000000e-03,0.00000000e+00,0.00000000e+00,7.72099519e+01,; 
2.90000000e-02,2.49000000e-03,0.00000000e+00,0.00000000e+00,7.74722315e+01,; 
2.95000000e-02,2.49000000e-03,0.00000000e+00,0.00000000e+00,7.77098913e+01,; 
];
