%output by FEEM
%timesteps, displacements, velocities, accelerations, magneticforce, current, flux
results = [
0.00000000e+00,0.00000000e+00,0.00000000e+00,0.00000000e+00,0.00000000e+00,0.00000000e+00,0.00000000e+00,; 
5.00000000e-04,0.00000000e+00,0.00000000e+00,0.00000000e+00,1.56036998e-02,1.73812704e-02,1.16523746e-02,; 
1.00000000e-03,0.00000000e+00,0.00000000e+00,0.00000000e+00,6.06198128e-02,3.42590266e-02,2.29671941e-02,; 
1.50000000e-03,0.00000000e+00,0.00000000e+00,0.00000000e+00,1.32491087e-01,5.06478546e-02,3.39542370e-02,; 
2.00000000e-03,0.00000000e+00,0.00000000e+00,0.00000000e+00,2.28831714e-01,6.65619183e-02,4.46229986e-02,; 
2.50000000e-03,0.00000000e+00,0.00000000e+00,0.00000000e+00,3.47416806e-01,8.20149709e-02,5.49826992e-02,; 
3.00000000e-03,0.00000000e+00,0.00000000e+00,0.00000000e+00,4.86172492e-01,9.70203673e-02,6.50422918e-02,; 
3.50000000e-03,0.00000000e+00,0.00000000e+00,0.00000000e+00,6.43166597e-01,1.11591076e-01,7.48104703e-02,; 
4.00000000e-03,0.00000000e+00,0.00000000e+00,0.00000000e+00,8.16599881e-01,1.25739688e-01,8.42956766e-02,; 
4.50000000e-03,0.00000000e+00,0.00000000e+00,0.00000000e+00,1.00479779e+00,1.39478433e-01,9.35061079e-02,; 
5.00000000e-03,0.00000000e+00,0.00000000e+00,0.00000000e+00,1.20620271e+00,1.52819183e-01,1.02449724e-01,; 
5.50000000e-03,0.00000000e+00,0.00000000e+00,0.00000000e+00,1.41935857e+00,1.65776623e-01,1.11134191e-01,; 
6.00000000e-03,0.00000000e+00,0.00000000e+00,0.00000000e+00,1.64291540e+00,1.78362324e-01,1.19566942e-01,; 
6.50000000e-03,0.00000000e+00,0.00000000e+00,0.00000000e+00,1.87562042e+00,1.90587337e-01,1.27755189e-01,; 
7.00000000e-03,0.00000000e+00,0.00000000e+00,0.00000000e+00,2.11631518e+00,2.02459868e-01,1.35705985e-01,; 
7.50000000e-03,0.00000000e+00,0.00000000e+00,0.00000000e+00,2.36393446e+00,2.13994881e-01,1.43426067e-01,; 
8.00000000e-03,0.00000000e+00,0.00000000e+00,0.00000000e+00,2.61823642e+00,2.25544885e-01,1.50915121e-01,; 
8.50000000e-03,0.00000000e+00,0.00000000e+00,0.00000000e+00,2.87842254e+00,2.37299420e-01,1.58169099e-01,; 
9.00000000e-03,0.00000000e+00,0.00000000e+00,0.00000000e+00,3.14259401e+00,2.49009288e-01,1.65188818e-01,; 
9.50000000e-03,0.00000000e+00,0.00000000e+00,0.00000000e+00,3.40979042e+00,2.60638624e-01,1.71975883e-01,; 
1.00000000e-02,0.00000000e+00,0.00000000e+00,0.00000000e+00,3.67832351e+00,2.72086613e-01,1.78534120e-01,; 
1.05000000e-02,0.00000000e+00,0.00000000e+00,0.00000000e+00,3.94736750e+00,2.83305275e-01,1.84867973e-01,; 
1.10000000e-02,0.00000000e+00,0.00000000e+00,0.00000000e+00,4.21604500e+00,2.94274795e-01,1.90982429e-01,; 
1.15000000e-02,0.00000000e+00,0.00000000e+00,0.00000000e+00,4.48354730e+00,3.04958758e-01,1.96883199e-01,; 
1.20000000e-02,0.00000000e+00,0.00000000e+00,0.00000000e+00,4.74962292e+00,3.15479410e-01,2.02573483e-01,; 
1.25000000e-02,0.00000000e+00,0.00000000e+00,0.00000000e+00,5.01404577e+00,3.25980499e-01,2.08053832e-01,; 
1.30000000e-02,0.00000000e+00,0.00000000e+00,0.00000000e+00,5.27556317e+00,3.36277552e-01,2.13328229e-01,; 
1.35000000e-02,0.00000000e+00,0.00000000e+00,0.00000000e+00,5.53345472e+00,3.46391613e-01,2.18400313e-01,; 
1.40000000e-02,0.00000000e+00,0.00000000e+00,0.00000000e+00,5.78696126e+00,3.56288058e-01,2.23274458e-01,; 
1.45000000e-02,0.00000000e+00,0.00000000e+00,0.00000000e+00,6.03557366e+00,3.65908675e-01,2.27956182e-01,; 
1.50000000e-02,3.70558913e-07,7.41117825e-04,1.48223565e+00,6.27955840e+00,3.75196156e-01,2.32452158e-01,; 
1.55000000e-02,3.65175399e-06,6.56239015e-03,1.16425447e+01,6.51745911e+00,3.84020743e-01,2.36771644e-01,; 
1.60000000e-02,1.23090504e-05,1.73145928e-02,2.15044054e+01,6.75248418e+00,3.92279916e-01,2.40925939e-01,; 
1.65000000e-02,2.87572043e-05,3.28963078e-02,3.11634300e+01,6.99058493e+00,3.99845322e-01,2.44928918e-01,; 
1.70000000e-02,5.54129335e-05,5.33114583e-02,4.08303010e+01,7.23958653e+00,4.06647385e-01,2.48795842e-01,; 
1.75000000e-02,9.47670995e-05,7.87083320e-02,5.07937474e+01,7.49286725e+00,4.12453970e-01,2.52546623e-01,; 
1.80000000e-02,1.49306116e-04,1.09078032e-01,6.07394003e+01,7.87120642e+00,4.17173081e-01,2.56203017e-01,; 
1.85000000e-02,2.22760466e-04,1.46908700e-01,7.56613364e+01,8.23954446e+00,4.20436449e-01,2.59794168e-01,; 
1.90000000e-02,3.18683433e-04,1.91845934e-01,8.98744663e+01,8.73892372e+00,4.22095400e-01,2.63352183e-01,; 
1.95000000e-02,4.41906571e-04,2.46446276e-01,1.09200685e+02,9.33473914e+00,4.21656424e-01,2.66919155e-01,; 
2.00000000e-02,5.98160585e-04,3.12508029e-01,1.32123506e+02,9.93345982e+00,4.18722293e-01,2.70544800e-01,; 
2.05000000e-02,7.93078928e-04,3.89836685e-01,1.54657313e+02,1.11256911e+01,4.12158879e-01,2.74301726e-01,; 
2.10000000e-02,1.03832819e-03,4.90498521e-01,2.01323671e+02,1.25205560e+01,4.00556734e-01,2.78290905e-01,; 
2.15000000e-02,1.34749142e-03,6.18326461e-01,2.55655880e+02,1.52390818e+01,3.80426831e-01,2.82683661e-01,; 
2.20000000e-02,1.74769307e-03,8.00403294e-01,3.64153665e+02,2.13405050e+01,3.43636924e-01,2.87821488e-01,; 
2.25000000e-02,2.22157022e-03,9.47754309e-01,2.94702031e+02,4.00707006e+01,2.80134048e-01,2.94447144e-01,; 
2.30000000e-02,2.40000000e-03,0.00000000e+00,0.00000000e+00,5.78493245e+01,2.63166446e-01,3.01358268e-01,; 
2.35000000e-02,2.40000000e-03,0.00000000e+00,0.00000000e+00,5.89227863e+01,2.81033001e-01,3.07544490e-01,; 
2.40000000e-02,2.40000000e-03,0.00000000e+00,0.00000000e+00,5.98885948e+01,2.98503188e-01,3.13391133e-01,; 
2.45000000e-02,2.40000000e-03,0.00000000e+00,0.00000000e+00,6.07603722e+01,3.15616977e-01,3.18911029e-01,; 
2.50000000e-02,2.40000000e-03,0.00000000e+00,0.00000000e+00,6.15491257e+01,3.32144902e-01,3.24119511e-01,; 
2.55000000e-02,2.40000000e-03,0.00000000e+00,0.00000000e+00,6.22596337e+01,3.48040016e-01,3.29026369e-01,; 
2.60000000e-02,2.40000000e-03,0.00000000e+00,0.00000000e+00,6.28983857e+01,3.63367808e-01,3.33634265e-01,; 
2.65000000e-02,2.40000000e-03,0.00000000e+00,0.00000000e+00,6.34733815e+01,3.78249192e-01,3.37952958e-01,; 
2.70000000e-02,2.40000000e-03,0.00000000e+00,0.00000000e+00,6.39862055e+01,3.92454538e-01,3.41998247e-01,; 
2.75000000e-02,2.40000000e-03,0.00000000e+00,0.00000000e+00,6.44443752e+01,4.05971153e-01,3.45783607e-01,; 
2.80000000e-02,2.40000000e-03,0.00000000e+00,0.00000000e+00,6.48597634e+01,4.18811166e-01,3.49321087e-01,; 
2.85000000e-02,2.40000000e-03,0.00000000e+00,0.00000000e+00,6.52346637e+01,4.31013963e-01,3.52620816e-01,; 
2.90000000e-02,2.40000000e-03,0.00000000e+00,0.00000000e+00,6.55710779e+01,4.42542745e-01,3.55697099e-01,; 
2.95000000e-02,2.40000000e-03,0.00000000e+00,0.00000000e+00,6.58759009e+01,4.53450209e-01,3.58561226e-01,; 
3.00000000e-02,2.40000000e-03,0.00000000e+00,0.00000000e+00,6.61524758e+01,4.63680545e-01,3.61227948e-01,; 
3.05000000e-02,2.40000000e-03,0.00000000e+00,0.00000000e+00,6.64051086e+01,4.73281762e-01,3.63708144e-01,; 
3.10000000e-02,2.40000000e-03,0.00000000e+00,0.00000000e+00,6.66368009e+01,4.82259858e-01,3.66014726e-01,; 
3.15000000e-02,2.40000000e-03,0.00000000e+00,0.00000000e+00,6.68488488e+01,4.90639054e-01,3.68158691e-01,; 
3.20000000e-02,2.40000000e-03,0.00000000e+00,0.00000000e+00,6.70433246e+01,4.98454934e-01,3.70150893e-01,; 
3.25000000e-02,2.40000000e-03,0.00000000e+00,0.00000000e+00,6.72213102e+01,5.05733514e-01,3.72001603e-01,; 
3.30000000e-02,2.40000000e-03,0.00000000e+00,0.00000000e+00,6.73842860e+01,5.12519950e-01,3.73719685e-01,; 
3.35000000e-02,2.40000000e-03,0.00000000e+00,0.00000000e+00,6.75332429e+01,5.18865443e-01,3.75313182e-01,; 
3.40000000e-02,2.40000000e-03,0.00000000e+00,0.00000000e+00,6.76704050e+01,5.24782685e-01,3.76790835e-01,; 
3.45000000e-02,2.40000000e-03,0.00000000e+00,0.00000000e+00,6.77965468e+01,5.30288382e-01,3.78160878e-01,; 
3.50000000e-02,2.40000000e-03,0.00000000e+00,0.00000000e+00,6.79125223e+01,5.35403242e-01,3.79430816e-01,; 
3.55000000e-02,2.40000000e-03,0.00000000e+00,0.00000000e+00,6.80194359e+01,5.40154417e-01,3.80607785e-01,; 
3.60000000e-02,2.40000000e-03,0.00000000e+00,0.00000000e+00,6.81177753e+01,5.44565329e-01,3.81698334e-01,; 
