%output by FEEM
%timesteps, displacements, velocities, accelerations, magneticforce, current, flux, steps, time
results = [
0.00000000e+00,0.00000000e+00,0.00000000e+00,0.00000000e+00,0.00000000e+00,0.00000000e+00,0.00000000e+00,0,0.00000000e+00,; 
5.00000000e-04,0.00000000e+00,0.00000000e+00,0.00000000e+00,1.56036998e-02,1.73812704e-02,1.16523746e-02,4,4.09000000e+00,; 
1.00000000e-03,0.00000000e+00,0.00000000e+00,0.00000000e+00,6.06198128e-02,3.42590266e-02,2.29671941e-02,3,3.19100000e+00,; 
1.50000000e-03,0.00000000e+00,0.00000000e+00,0.00000000e+00,1.32491087e-01,5.06478546e-02,3.39542370e-02,3,3.14900000e+00,; 
2.00000000e-03,0.00000000e+00,0.00000000e+00,0.00000000e+00,2.28831714e-01,6.65619183e-02,4.46229986e-02,3,3.17000000e+00,; 
2.50000000e-03,0.00000000e+00,0.00000000e+00,0.00000000e+00,3.47416806e-01,8.20149709e-02,5.49826992e-02,3,3.20100000e+00,; 
3.00000000e-03,0.00000000e+00,0.00000000e+00,0.00000000e+00,4.86172492e-01,9.70203673e-02,6.50422918e-02,3,3.20800000e+00,; 
3.50000000e-03,0.00000000e+00,0.00000000e+00,0.00000000e+00,6.43166597e-01,1.11591076e-01,7.48104703e-02,3,3.16300000e+00,; 
4.00000000e-03,0.00000000e+00,0.00000000e+00,0.00000000e+00,8.16599881e-01,1.25739688e-01,8.42956766e-02,3,3.20400000e+00,; 
4.50000000e-03,0.00000000e+00,0.00000000e+00,0.00000000e+00,1.00479779e+00,1.39478433e-01,9.35061079e-02,3,3.16000000e+00,; 
5.00000000e-03,0.00000000e+00,0.00000000e+00,0.00000000e+00,1.20620271e+00,1.52819183e-01,1.02449724e-01,3,3.17500000e+00,; 
5.50000000e-03,0.00000000e+00,0.00000000e+00,0.00000000e+00,1.41935857e+00,1.65776623e-01,1.11134191e-01,6,5.98300000e+00,; 
6.00000000e-03,0.00000000e+00,0.00000000e+00,0.00000000e+00,1.64291540e+00,1.78362324e-01,1.19566942e-01,6,6.08700000e+00,; 
6.50000000e-03,0.00000000e+00,0.00000000e+00,0.00000000e+00,1.87562042e+00,1.90587337e-01,1.27755189e-01,7,6.88700000e+00,; 
7.00000000e-03,0.00000000e+00,0.00000000e+00,0.00000000e+00,2.11631518e+00,2.02459868e-01,1.35705985e-01,6,5.98000000e+00,; 
7.50000000e-03,0.00000000e+00,0.00000000e+00,0.00000000e+00,2.36393446e+00,2.13994881e-01,1.43426067e-01,6,5.97400000e+00,; 
8.00000000e-03,0.00000000e+00,0.00000000e+00,0.00000000e+00,2.61823642e+00,2.25544885e-01,1.50915121e-01,11,1.05410000e+01,; 
8.50000000e-03,0.00000000e+00,0.00000000e+00,0.00000000e+00,2.87842254e+00,2.37299420e-01,1.58169099e-01,13,1.24240000e+01,; 
9.00000000e-03,0.00000000e+00,0.00000000e+00,0.00000000e+00,3.14259401e+00,2.49009288e-01,1.65188818e-01,14,1.32870000e+01,; 
9.50000000e-03,0.00000000e+00,0.00000000e+00,0.00000000e+00,3.40979042e+00,2.60638624e-01,1.71975883e-01,14,1.33540000e+01,; 
1.00000000e-02,0.00000000e+00,0.00000000e+00,0.00000000e+00,3.67832351e+00,2.72086613e-01,1.78534120e-01,17,1.60160000e+01,; 
1.05000000e-02,0.00000000e+00,0.00000000e+00,0.00000000e+00,3.94736750e+00,2.83305275e-01,1.84867973e-01,16,1.52240000e+01,; 
1.10000000e-02,0.00000000e+00,0.00000000e+00,0.00000000e+00,4.21604500e+00,2.94274795e-01,1.90982429e-01,16,1.50710000e+01,; 
1.15000000e-02,0.00000000e+00,0.00000000e+00,0.00000000e+00,4.48354730e+00,3.04958758e-01,1.96883199e-01,16,1.51240000e+01,; 
1.20000000e-02,0.00000000e+00,0.00000000e+00,0.00000000e+00,4.74962292e+00,3.15479410e-01,2.02573483e-01,17,1.60030000e+01,; 
1.25000000e-02,0.00000000e+00,0.00000000e+00,0.00000000e+00,5.01404577e+00,3.25980499e-01,2.08053832e-01,18,1.69840000e+01,; 
1.30000000e-02,0.00000000e+00,0.00000000e+00,0.00000000e+00,5.27556317e+00,3.36277552e-01,2.13328229e-01,20,1.87020000e+01,; 
1.35000000e-02,0.00000000e+00,0.00000000e+00,0.00000000e+00,5.53345472e+00,3.46391613e-01,2.18400313e-01,19,1.80650000e+01,; 
1.40000000e-02,0.00000000e+00,0.00000000e+00,0.00000000e+00,5.78696126e+00,3.56288058e-01,2.23274458e-01,19,1.86210000e+01,; 
1.45000000e-02,0.00000000e+00,0.00000000e+00,0.00000000e+00,6.03557366e+00,3.65908675e-01,2.27956182e-01,18,1.74670000e+01,; 
1.50000000e-02,3.70558913e-07,7.41117825e-04,1.48223565e+00,6.27955840e+00,3.75196156e-01,2.32452158e-01,25,2.37560000e+01,; 
1.55000000e-02,3.65175399e-06,6.56239015e-03,1.16425447e+01,6.51745911e+00,3.84020743e-01,2.36771644e-01,25,2.39320000e+01,; 
1.60000000e-02,1.23090504e-05,1.73145928e-02,2.15044054e+01,6.75248418e+00,3.92279916e-01,2.40925939e-01,24,2.26940000e+01,; 
1.65000000e-02,2.87572043e-05,3.28963078e-02,3.11634300e+01,6.99058493e+00,3.99845322e-01,2.44928918e-01,26,2.52320000e+01,; 
1.70000000e-02,5.54129335e-05,5.33114583e-02,4.08303010e+01,7.23958653e+00,4.06647385e-01,2.48795842e-01,26,2.48090000e+01,; 
1.75000000e-02,9.47670995e-05,7.87083320e-02,5.07937474e+01,7.49286725e+00,4.12453970e-01,2.52546623e-01,25,2.33940000e+01,; 
1.80000000e-02,1.49306116e-04,1.09078032e-01,6.07394003e+01,7.87120642e+00,4.17173081e-01,2.56203017e-01,23,2.15480000e+01,; 
1.85000000e-02,2.22760466e-04,1.46908700e-01,7.56613364e+01,8.23954446e+00,4.20436449e-01,2.59794168e-01,23,2.16220000e+01,; 
1.90000000e-02,3.18683433e-04,1.91845934e-01,8.98744663e+01,8.73892372e+00,4.22095400e-01,2.63352183e-01,22,2.06660000e+01,; 
1.95000000e-02,4.41906571e-04,2.46446276e-01,1.09200685e+02,9.33473914e+00,4.21656424e-01,2.66919155e-01,21,1.95000000e+01,; 
2.00000000e-02,5.98160585e-04,3.12508029e-01,1.32123506e+02,9.93345982e+00,4.18722293e-01,2.70544800e-01,25,2.33870000e+01,; 
2.05000000e-02,7.93078928e-04,3.89836685e-01,1.54657313e+02,1.11256911e+01,4.12158879e-01,2.74301726e-01,28,2.65610000e+01,; 
2.10000000e-02,1.03832819e-03,4.90498521e-01,2.01323671e+02,1.25205379e+01,4.00556581e-01,2.78290701e-01,33,3.10460000e+01,; 
2.15000000e-02,1.34749123e-03,6.18326084e-01,2.55655127e+02,1.52389467e+01,3.80425516e-01,2.82682369e-01,36,3.40320000e+01,; 
2.20000000e-02,1.74769128e-03,8.00400104e-01,3.64148040e+02,2.13389371e+01,3.43624519e-01,2.87810052e-01,43,4.01600000e+01,; 
2.25000000e-02,2.22155076e-03,9.47718951e-01,2.94637694e+02,4.00261274e+01,2.79793945e-01,2.94215379e-01,60,5.57630000e+01,; 
2.30000000e-02,2.40000000e-03,0.00000000e+00,0.00000000e+00,5.77806734e+01,2.62258702e-01,3.00973465e-01,55,5.18460000e+01,; 
2.35000000e-02,2.40000000e-03,0.00000000e+00,0.00000000e+00,5.88920680e+01,2.80331404e-01,3.07363089e-01,47,4.44840000e+01,; 
2.40000000e-02,2.40000000e-03,0.00000000e+00,0.00000000e+00,5.98888475e+01,2.98336952e-01,3.13392696e-01,45,4.26550000e+01,; 
2.45000000e-02,2.40000000e-03,0.00000000e+00,0.00000000e+00,6.07850358e+01,3.15955238e-01,3.19070412e-01,45,4.26770000e+01,; 
2.50000000e-02,2.40000000e-03,0.00000000e+00,0.00000000e+00,6.15920371e+01,3.32926424e-01,3.24409273e-01,46,4.35590000e+01,; 
2.55000000e-02,2.40000000e-03,0.00000000e+00,0.00000000e+00,6.23155872e+01,3.49205107e-01,3.29422981e-01,46,4.35770000e+01,; 
2.60000000e-02,2.40000000e-03,0.00000000e+00,0.00000000e+00,6.29644622e+01,3.64901274e-01,3.34122814e-01,45,4.26100000e+01,; 
2.65000000e-02,2.40000000e-03,0.00000000e+00,0.00000000e+00,6.35472299e+01,3.80090219e-01,3.38519121e-01,44,4.18510000e+01,; 
2.70000000e-02,2.40000000e-03,0.00000000e+00,0.00000000e+00,6.40633434e+01,3.94562436e-01,3.42626212e-01,44,4.16110000e+01,; 
2.75000000e-02,2.40000000e-03,0.00000000e+00,0.00000000e+00,6.45246573e+01,4.08297238e-01,3.46458823e-01,45,4.26020000e+01,; 
2.80000000e-02,2.40000000e-03,0.00000000e+00,0.00000000e+00,6.49412817e+01,4.21315551e-01,3.50031204e-01,42,3.99450000e+01,; 
2.85000000e-02,2.40000000e-03,0.00000000e+00,0.00000000e+00,6.53165190e+01,4.33664106e-01,3.53356763e-01,42,4.00880000e+01,; 
2.90000000e-02,2.40000000e-03,0.00000000e+00,0.00000000e+00,6.56517726e+01,4.45307160e-01,3.56449572e-01,41,3.92240000e+01,; 
2.95000000e-02,2.40000000e-03,0.00000000e+00,0.00000000e+00,6.59554942e+01,4.56284408e-01,3.59322973e-01,42,4.07720000e+01,; 
3.00000000e-02,2.40000000e-03,0.00000000e+00,0.00000000e+00,6.62306324e+01,4.66553018e-01,3.61991123e-01,43,4.27540000e+01,; 
3.05000000e-02,2.40000000e-03,0.00000000e+00,0.00000000e+00,6.64817873e+01,4.76166022e-01,3.64467119e-01,41,4.00980000e+01,; 
