%output by FEEM
%timesteps, displacements, velocities, accelerations, magneticforce, current, flux, steps, time
results = [
0.00000000e+00,0.00000000e+00,0.00000000e+00,0.00000000e+00,0.00000000e+00,0.00000000e+00,0.00000000e+00,0,0.00000000e+00,; 
5.00000000e-04,0.00000000e+00,0.00000000e+00,0.00000000e+00,1.52984037e-02,1.78121519e-02,1.16452437e-02,25375,5.66800000e+00,; 
1.00000000e-03,0.00000000e+00,0.00000000e+00,0.00000000e+00,5.94086970e-02,3.50828502e-02,2.29471765e-02,11456,3.33900000e+00,; 
1.50000000e-03,0.00000000e+00,0.00000000e+00,0.00000000e+00,1.29855884e-01,5.17285344e-02,3.39216294e-02,9792,3.59500000e+00,; 
2.00000000e-03,0.00000000e+00,0.00000000e+00,0.00000000e+00,2.24352724e-01,6.78657899e-02,4.45800994e-02,8809,3.67500000e+00,; 
2.50000000e-03,0.00000000e+00,0.00000000e+00,0.00000000e+00,3.40586487e-01,8.37646094e-02,5.49230496e-02,8010,3.62500000e+00,; 
3.00000000e-03,0.00000000e+00,0.00000000e+00,0.00000000e+00,4.76206107e-01,9.94051667e-02,6.49448080e-02,7127,3.49600000e+00,; 
3.50000000e-03,0.00000000e+00,0.00000000e+00,0.00000000e+00,6.29451260e-01,1.14174232e-01,7.46767254e-02,6291,3.17800000e+00,; 
4.00000000e-03,0.00000000e+00,0.00000000e+00,0.00000000e+00,7.99014360e-01,1.28543217e-01,8.41258375e-02,5878,3.13400000e+00,; 
4.50000000e-03,0.00000000e+00,0.00000000e+00,0.00000000e+00,9.84145977e-01,1.41256756e-01,9.33596383e-02,5537,2.96000000e+00,; 
5.00000000e-03,0.00000000e+00,0.00000000e+00,0.00000000e+00,1.18209572e+00,1.55390717e-01,1.02305405e-01,5623,3.10200000e+00,; 
5.50000000e-03,0.00000000e+00,0.00000000e+00,0.00000000e+00,1.38947864e+00,1.70072544e-01,1.10918221e-01,5041,2.84400000e+00,; 
6.00000000e-03,0.00000000e+00,0.00000000e+00,0.00000000e+00,1.60768071e+00,1.82039060e-01,1.19319803e-01,4338,2.48000000e+00,; 
6.50000000e-03,0.00000000e+00,0.00000000e+00,0.00000000e+00,1.83429653e+00,1.95783515e-01,1.27418517e-01,4319,2.59300000e+00,; 
7.00000000e-03,0.00000000e+00,0.00000000e+00,0.00000000e+00,2.06743221e+00,2.08016492e-01,1.35277265e-01,3805,2.36500000e+00,; 
7.50000000e-03,0.00000000e+00,0.00000000e+00,0.00000000e+00,2.30842299e+00,2.19708368e-01,1.42915610e-01,3639,2.32100000e+00,; 
8.00000000e-03,0.00000000e+00,0.00000000e+00,0.00000000e+00,2.55599022e+00,2.31287212e-01,1.50334500e-01,3543,2.39800000e+00,; 
8.50000000e-03,0.00000000e+00,0.00000000e+00,0.00000000e+00,2.80581410e+00,2.43597181e-01,1.57487963e-01,3365,2.33400000e+00,; 
9.00000000e-03,0.00000000e+00,0.00000000e+00,0.00000000e+00,3.05943237e+00,2.54956222e-01,1.64416782e-01,3097,2.17500000e+00,; 
9.50000000e-03,0.00000000e+00,0.00000000e+00,0.00000000e+00,3.31888766e+00,2.64760808e-01,1.71191848e-01,2987,2.04300000e+00,; 
1.00000000e-02,0.00000000e+00,0.00000000e+00,0.00000000e+00,3.57790234e+00,2.76905291e-01,1.77700712e-01,2951,2.01300000e+00,; 
1.05000000e-02,0.00000000e+00,0.00000000e+00,0.00000000e+00,3.83608842e+00,2.87993893e-01,1.83970496e-01,2672,1.83700000e+00,; 
1.10000000e-02,0.00000000e+00,0.00000000e+00,0.00000000e+00,4.09618694e+00,2.98094158e-01,1.90051255e-01,2521,1.71800000e+00,; 
1.15000000e-02,0.00000000e+00,0.00000000e+00,0.00000000e+00,4.35416106e+00,3.08988038e-01,1.95894901e-01,2414,1.64800000e+00,; 
1.20000000e-02,0.00000000e+00,0.00000000e+00,0.00000000e+00,4.61391207e+00,3.17714149e-01,2.01605512e-01,2274,1.58000000e+00,; 
1.25000000e-02,0.00000000e+00,0.00000000e+00,0.00000000e+00,4.87390214e+00,3.27136238e-01,2.07155751e-01,2255,1.55200000e+00,; 
1.30000000e-02,0.00000000e+00,0.00000000e+00,0.00000000e+00,5.13179710e+00,3.36673279e-01,2.12502604e-01,2175,1.50900000e+00,; 
1.35000000e-02,0.00000000e+00,0.00000000e+00,0.00000000e+00,5.38264176e+00,3.47529024e-01,2.17592273e-01,2032,1.42900000e+00,; 
1.40000000e-02,0.00000000e+00,0.00000000e+00,0.00000000e+00,5.62823227e+00,3.56932714e-01,2.22483063e-01,1849,1.30800000e+00,; 
1.45000000e-02,0.00000000e+00,0.00000000e+00,0.00000000e+00,5.87679886e+00,3.64165327e-01,2.27280217e-01,1790,1.28600000e+00,; 
1.50000000e-02,0.00000000e+00,0.00000000e+00,0.00000000e+00,6.11232324e+00,3.74042841e-01,2.31823011e-01,15416,9.39200000e+00,; 
1.55000000e-02,1.17003373e-06,2.34006747e-03,4.68013493e+00,6.35321779e+00,3.81234809e-01,2.36250306e-01,14992,9.09000000e+00,; 
1.60000000e-02,6.01490253e-06,9.68973760e-03,1.46993403e+01,6.58517147e+00,3.89709322e-01,2.40495404e-01,15065,9.23100000e+00,; 
1.65000000e-02,1.69320868e-05,2.18343685e-02,2.42892619e+01,6.81387429e+00,3.97186079e-01,2.44576110e-01,14848,9.12400000e+00,; 
1.70000000e-02,3.62617615e-05,3.86593495e-02,3.36499619e+01,7.05349973e+00,4.03565930e-01,2.48529688e-01,14644,8.97800000e+00,; 
1.75000000e-02,6.64254025e-05,6.03272819e-02,4.33358649e+01,7.30221257e+00,4.08566280e-01,2.52403976e-01,14431,9.01200000e+00,; 
1.80000000e-02,1.09897321e-04,8.69438371e-02,5.32331104e+01,7.57570918e+00,4.14284275e-01,2.56140782e-01,14352,8.98900000e+00,; 
1.85000000e-02,1.69358616e-04,1.18922590e-01,6.39575053e+01,8.06790336e+00,4.09534759e-01,2.60068740e-01,13494,8.55200000e+00,; 
1.90000000e-02,2.49706758e-04,1.60696285e-01,8.35473897e+01,8.57728596e+00,4.15841627e-01,2.63787768e-01,14852,9.39900000e+00,; 
1.95000000e-02,3.55937631e-04,2.12461746e-01,1.03530922e+02,9.20756877e+00,3.98431557e-01,2.68220124e-01,13930,8.60100000e+00,; 
2.00000000e-02,4.94206574e-04,2.76537886e-01,1.28152280e+02,9.81928971e+00,4.13174784e-01,2.71981210e-01,16610,1.05850000e+01,; 
2.05000000e-02,6.70351890e-04,3.52290631e-01,1.51505491e+02,1.12655925e+01,3.76168136e-01,2.76461037e-01,15155,9.87700000e+00,; 
2.10000000e-02,8.98759219e-04,4.56814659e-01,2.09048056e+02,1.24477911e+01,3.92769821e-01,2.80695709e-01,18168,1.19360000e+01,; 
2.15000000e-02,1.19086136e-03,5.84204283e-01,2.54779246e+02,1.59835259e+01,3.34357689e-01,2.85935979e-01,18901,1.24700000e+01,; 
2.20000000e-02,1.58236122e-03,7.82999715e-01,3.97590865e+02,2.14702207e+01,3.24544809e-01,2.91799115e-01,17972,1.16920000e+01,; 
2.25000000e-02,2.12890047e-03,1.09307850e+00,6.20157575e+02,4.58769605e+01,2.05778114e-01,2.99602193e-01,30231,2.05570000e+01,; 
2.30000000e-02,2.40000000e-03,0.00000000e+00,0.00000000e+00,6.96343927e+01,2.07898414e-01,3.07497034e-01,26187,1.76460000e+01,; 
2.35000000e-02,2.40000000e-03,0.00000000e+00,0.00000000e+00,7.28175920e+01,2.17766437e-01,3.15288504e-01,2307,1.84100000e+00,; 
2.40000000e-02,2.40000000e-03,0.00000000e+00,0.00000000e+00,7.57935962e+01,2.29668964e-01,3.22742939e-01,2140,1.72200000e+00,; 
2.45000000e-02,2.40000000e-03,0.00000000e+00,0.00000000e+00,7.87391544e+01,2.39609207e-01,3.30114785e-01,2042,1.67900000e+00,; 
2.50000000e-02,2.40000000e-03,0.00000000e+00,0.00000000e+00,8.15746314e+01,2.51022977e-01,3.37178364e-01,1914,1.55000000e+00,; 
2.55000000e-02,2.40000000e-03,0.00000000e+00,0.00000000e+00,8.43502475e+01,2.61879611e-01,3.44018296e-01,1820,1.49700000e+00,; 
2.60000000e-02,2.40000000e-03,0.00000000e+00,0.00000000e+00,8.70770327e+01,2.72208144e-01,3.50703498e-01,1742,1.42900000e+00,; 
2.65000000e-02,2.40000000e-03,0.00000000e+00,0.00000000e+00,8.97003137e+01,2.83222399e-01,3.57115462e-01,1638,1.35600000e+00,; 
2.70000000e-02,2.40000000e-03,0.00000000e+00,0.00000000e+00,9.23000263e+01,2.93119367e-01,3.63433492e-01,1589,1.28900000e+00,; 
2.75000000e-02,2.40000000e-03,0.00000000e+00,0.00000000e+00,9.47589236e+01,3.04668834e-01,3.69372992e-01,1479,1.21200000e+00,; 
2.80000000e-02,2.40000000e-03,0.00000000e+00,0.00000000e+00,9.71326062e+01,3.14794266e-01,3.75110604e-01,1398,1.14900000e+00,; 
2.85000000e-02,2.40000000e-03,0.00000000e+00,0.00000000e+00,9.94309503e+01,3.24724105e-01,3.80658009e-01,1328,1.10100000e+00,; 
2.90000000e-02,2.40000000e-03,0.00000000e+00,0.00000000e+00,1.01677737e+02,3.34022259e-01,3.86061925e-01,1277,1.03700000e+00,; 
2.95000000e-02,2.40000000e-03,0.00000000e+00,0.00000000e+00,1.03856541e+02,3.43777715e-01,3.91263354e-01,1223,1.01200000e+00,; 
3.00000000e-02,2.40000000e-03,0.00000000e+00,0.00000000e+00,1.05914556e+02,3.53712646e-01,3.96225937e-01,1137,9.40000000e-01,; 
