%output by FEEM
%timesteps, displacements, velocities, accelerations, magneticforce, current, flux
resultgmshNR = [
0.00000000e+00,0.00000000e+00,0.00000000e+00,0.00000000e+00,0.00000000e+00,0.00000000e+00,0.00000000e+00,; 
5.00000000e-04,0.00000000e+00,0.00000000e+00,0.00000000e+00,1.56779898e-02,1.73143046e-02,1.16537139e-02,; 
1.00000000e-03,0.00000000e+00,0.00000000e+00,0.00000000e+00,6.09153249e-02,3.41289673e-02,2.29711346e-02,; 
1.50000000e-03,0.00000000e+00,0.00000000e+00,0.00000000e+00,1.33151888e-01,5.04584064e-02,3.39619664e-02,; 
2.00000000e-03,0.00000000e+00,0.00000000e+00,0.00000000e+00,2.29998545e-01,6.63166240e-02,4.46356340e-02,; 
2.50000000e-03,0.00000000e+00,0.00000000e+00,0.00000000e+00,3.49226682e-01,8.17172182e-02,5.50012896e-02,; 
3.00000000e-03,0.00000000e+00,0.00000000e+00,0.00000000e+00,4.88758371e-01,9.66733948e-02,6.50678217e-02,; 
3.50000000e-03,0.00000000e+00,0.00000000e+00,0.00000000e+00,6.46657104e-01,1.11197978e-01,7.48438621e-02,; 
4.00000000e-03,0.00000000e+00,0.00000000e+00,0.00000000e+00,8.21119080e-01,1.25303424e-01,8.43377937e-02,; 
4.50000000e-03,0.00000000e+00,0.00000000e+00,0.00000000e+00,1.01046500e+00,1.39001825e-01,9.35577571e-02,; 
5.00000000e-03,0.00000000e+00,0.00000000e+00,0.00000000e+00,1.21313238e+00,1.52304930e-01,1.02511659e-01,; 
5.50000000e-03,0.00000000e+00,0.00000000e+00,0.00000000e+00,1.42766823e+00,1.65224145e-01,1.11207176e-01,; 
6.00000000e-03,0.00000000e+00,0.00000000e+00,0.00000000e+00,1.65270784e+00,1.77777833e-01,1.19651615e-01,; 
6.50000000e-03,0.00000000e+00,0.00000000e+00,0.00000000e+00,1.88700000e+00,1.89976815e-01,1.27852066e-01,; 
7.00000000e-03,0.00000000e+00,0.00000000e+00,0.00000000e+00,2.12938100e+00,2.01827930e-01,1.35815488e-01,; 
7.50000000e-03,0.00000000e+00,0.00000000e+00,0.00000000e+00,2.37875618e+00,2.13340020e-01,1.43548663e-01,; 
8.00000000e-03,0.00000000e+00,0.00000000e+00,0.00000000e+00,2.63490675e+00,2.24869098e-01,1.51051230e-01,; 
8.50000000e-03,0.00000000e+00,0.00000000e+00,0.00000000e+00,2.89699040e+00,2.36597692e-01,1.58319242e-01,; 
9.00000000e-03,0.00000000e+00,0.00000000e+00,0.00000000e+00,3.16314056e+00,2.48278890e-01,1.65353571e-01,; 
9.50000000e-03,0.00000000e+00,0.00000000e+00,0.00000000e+00,3.43235949e+00,2.59887093e-01,1.72155668e-01,; 
1.00000000e-02,0.00000000e+00,0.00000000e+00,0.00000000e+00,3.70293598e+00,2.71317884e-01,1.78729279e-01,; 
1.05000000e-02,0.00000000e+00,0.00000000e+00,0.00000000e+00,3.97408234e+00,2.82523440e-01,1.85078769e-01,; 
1.10000000e-02,0.00000000e+00,0.00000000e+00,0.00000000e+00,4.24490887e+00,2.93479462e-01,1.91209131e-01,; 
1.15000000e-02,0.00000000e+00,0.00000000e+00,0.00000000e+00,4.51455108e+00,3.04160261e-01,1.97125870e-01,; 
1.20000000e-02,0.00000000e+00,0.00000000e+00,0.00000000e+00,4.78283688e+00,3.14689435e-01,2.02831945e-01,; 
1.25000000e-02,0.00000000e+00,0.00000000e+00,0.00000000e+00,5.04949358e+00,3.25186299e-01,2.08328180e-01,; 
1.30000000e-02,0.00000000e+00,0.00000000e+00,0.00000000e+00,5.31317248e+00,3.35478474e-01,2.13618557e-01,; 
1.35000000e-02,0.00000000e+00,0.00000000e+00,0.00000000e+00,5.57328441e+00,3.45599419e-01,2.18706485e-01,; 
1.40000000e-02,0.00000000e+00,0.00000000e+00,0.00000000e+00,5.82894747e+00,3.55486727e-01,2.23596656e-01,; 
1.45000000e-02,0.00000000e+00,0.00000000e+00,0.00000000e+00,6.07970441e+00,3.65103585e-01,2.28294481e-01,; 
1.50000000e-02,8.30254301e-07,1.66050860e-03,3.32101721e+00,6.32087907e+00,3.74378285e-01,2.32806810e-01,; 
1.55000000e-02,4.99979374e-06,8.33907887e-03,1.33571405e+01,6.56910390e+00,3.83172965e-01,2.37143247e-01,; 
1.60000000e-02,1.50781970e-05,2.01568065e-02,2.36354553e+01,6.82597726e+00,3.91364512e-01,2.41315848e-01,; 
1.65000000e-02,3.37023204e-05,3.72482467e-02,3.41828804e+01,7.09543503e+00,3.98807120e-01,2.45339592e-01,; 
1.70000000e-02,6.36071167e-05,5.98095928e-02,4.51226921e+01,7.37624931e+00,4.05387391e-01,2.49231716e-01,; 
1.75000000e-02,1.07602287e-04,8.79903402e-02,5.63614949e+01,7.70602277e+00,4.10947211e-01,2.53012632e-01,; 
1.80000000e-02,1.68953127e-04,1.22701679e-01,6.94226785e+01,8.05633370e+00,4.15223545e-01,2.56708027e-01,; 
1.85000000e-02,2.51071862e-04,1.64237471e-01,8.30715822e+01,8.46706584e+00,4.17999063e-01,2.60347937e-01,; 
1.90000000e-02,3.57919931e-04,2.13696139e-01,9.89173370e+01,8.95690554e+00,4.18907189e-01,2.63969624e-01,; 
1.95000000e-02,4.94187343e-04,2.72534823e-01,1.17677367e+02,9.60748686e+00,4.17543892e-01,2.67618848e-01,; 
2.00000000e-02,6.66124922e-04,3.43875158e-01,1.42680670e+02,1.04522795e+01,4.13248060e-01,2.71354054e-01,; 
2.05000000e-02,8.81868823e-04,4.31487802e-01,1.75225289e+02,1.16122332e+01,4.04845970e-01,2.75257295e-01,; 
2.10000000e-02,1.15266901e-03,5.41600381e-01,2.20225158e+02,1.35312778e+01,3.90145142e-01,2.79454942e-01,; 
2.15000000e-02,1.49747011e-03,6.89602196e-01,2.96003630e+02,1.71055730e+01,3.64529375e-01,2.84166967e-01,; 
2.20000000e-02,1.95217325e-03,9.09406271e-01,4.39608150e+02,2.66588111e+01,3.15335818e-01,2.89900712e-01,; 
2.25000000e-02,2.40000000e-03,0.00000000e+00,0.00000000e+00,5.66003740e+01,2.51560394e-01,2.97476043e-01,; 
2.30000000e-02,2.40000000e-03,0.00000000e+00,0.00000000e+00,5.77634551e+01,2.69626298e-01,3.03891813e-01,; 
2.35000000e-02,2.40000000e-03,0.00000000e+00,0.00000000e+00,5.87943911e+01,2.87048741e-01,3.09966926e-01,; 
2.40000000e-02,2.40000000e-03,0.00000000e+00,0.00000000e+00,5.97149511e+01,3.04526525e-01,3.15690295e-01,; 
2.45000000e-02,2.40000000e-03,0.00000000e+00,0.00000000e+00,6.05482444e+01,3.21540267e-01,3.21094543e-01,; 
2.50000000e-02,2.40000000e-03,0.00000000e+00,0.00000000e+00,6.13038364e+01,3.37873162e-01,3.26194178e-01,; 
2.55000000e-02,2.40000000e-03,0.00000000e+00,0.00000000e+00,6.19877702e+01,3.53484161e-01,3.31000015e-01,; 
2.60000000e-02,2.40000000e-03,0.00000000e+00,0.00000000e+00,6.26090606e+01,3.68467756e-01,3.35518085e-01,; 
2.65000000e-02,2.40000000e-03,0.00000000e+00,0.00000000e+00,6.31609868e+01,3.82964991e-01,3.39749445e-01,; 
2.70000000e-02,2.40000000e-03,0.00000000e+00,0.00000000e+00,6.36524813e+01,3.96954351e-01,3.43707170e-01,; 
2.75000000e-02,2.40000000e-03,0.00000000e+00,0.00000000e+00,6.40946032e+01,4.10293457e-01,3.47406084e-01,; 
2.80000000e-02,2.40000000e-03,0.00000000e+00,0.00000000e+00,6.44900844e+01,4.23025901e-01,3.50857500e-01,; 
2.85000000e-02,2.40000000e-03,0.00000000e+00,0.00000000e+00,6.48479109e+01,4.35044643e-01,3.54077315e-01,; 
2.90000000e-02,2.40000000e-03,0.00000000e+00,0.00000000e+00,6.51708166e+01,4.46410306e-01,3.57076346e-01,; 
2.95000000e-02,2.40000000e-03,0.00000000e+00,0.00000000e+00,6.54641099e+01,4.57141218e-01,3.59866842e-01,; 
3.00000000e-02,2.40000000e-03,0.00000000e+00,0.00000000e+00,6.57300865e+01,4.67219708e-01,3.62462353e-01,; 
3.05000000e-02,2.40000000e-03,0.00000000e+00,0.00000000e+00,6.59718281e+01,4.76632612e-01,3.64876534e-01,; 
3.10000000e-02,2.40000000e-03,0.00000000e+00,0.00000000e+00,6.61932009e+01,4.85410177e-01,3.67121211e-01,; 
3.15000000e-02,2.40000000e-03,0.00000000e+00,0.00000000e+00,6.63968200e+01,4.93589112e-01,3.69207468e-01,; 
3.20000000e-02,2.40000000e-03,0.00000000e+00,0.00000000e+00,6.65843653e+01,5.01210667e-01,3.71145745e-01,; 
3.25000000e-02,2.40000000e-03,0.00000000e+00,0.00000000e+00,6.67571639e+01,5.08312933e-01,3.72945738e-01,; 
3.30000000e-02,2.40000000e-03,0.00000000e+00,0.00000000e+00,6.69161769e+01,5.14926073e-01,3.74616796e-01,; 
3.35000000e-02,2.40000000e-03,0.00000000e+00,0.00000000e+00,6.70626146e+01,5.21080977e-01,3.76167698e-01,; 
3.40000000e-02,2.40000000e-03,0.00000000e+00,0.00000000e+00,6.71976813e+01,5.26804926e-01,3.77606803e-01,; 
3.45000000e-02,2.40000000e-03,0.00000000e+00,0.00000000e+00,6.73221901e+01,5.32125236e-01,3.78941830e-01,; 
3.50000000e-02,2.40000000e-03,0.00000000e+00,0.00000000e+00,6.74366865e+01,5.37074975e-01,3.80179789e-01,; 
3.55000000e-02,2.40000000e-03,0.00000000e+00,0.00000000e+00,6.75419615e+01,5.41682570e-01,3.81327264e-01,; 
3.60000000e-02,2.40000000e-03,0.00000000e+00,0.00000000e+00,6.76388566e+01,5.45965137e-01,3.82390710e-01,; 
