%output by FEEM
%timesteps, displacements, velocities, accelerations, magneticforce, current, flux, steps, time
results = [
0.00000000e+00,0.00000000e+00,0.00000000e+00,0.00000000e+00,0.00000000e+00,0.00000000e+00,0.00000000e+00,0,0.00000000e+00,; 
5.00000000e-04,0.00000000e+00,0.00000000e+00,0.00000000e+00,1.52953740e-02,1.78630415e-02,1.16488430e-02,25318,1.95780000e+01,; 
1.00000000e-03,0.00000000e+00,0.00000000e+00,0.00000000e+00,5.94197625e-02,3.53362317e-02,2.29512403e-02,12281,8.81200000e+00,; 
1.50000000e-03,0.00000000e+00,0.00000000e+00,0.00000000e+00,1.29934190e-01,5.20282107e-02,3.39377116e-02,10268,7.62500000e+00,; 
2.00000000e-03,0.00000000e+00,0.00000000e+00,0.00000000e+00,2.24435591e-01,6.83901131e-02,4.46030008e-02,9338,6.68700000e+00,; 
2.50000000e-03,0.00000000e+00,0.00000000e+00,0.00000000e+00,3.40721264e-01,8.43789380e-02,5.49558881e-02,8379,6.01800000e+00,; 
3.00000000e-03,0.00000000e+00,0.00000000e+00,0.00000000e+00,4.76992913e-01,9.99827012e-02,6.50210726e-02,7567,5.43900000e+00,; 
3.50000000e-03,0.00000000e+00,0.00000000e+00,0.00000000e+00,6.29287468e-01,1.16191566e-01,7.46931358e-02,6722,4.84500000e+00,; 
4.00000000e-03,0.00000000e+00,0.00000000e+00,0.00000000e+00,7.98642509e-01,1.28333475e-01,8.41892715e-02,5598,4.07600000e+00,; 
4.50000000e-03,0.00000000e+00,0.00000000e+00,0.00000000e+00,9.84574349e-01,1.43883932e-01,9.34195327e-02,6272,4.51800000e+00,; 
5.00000000e-03,0.00000000e+00,0.00000000e+00,0.00000000e+00,1.17931912e+00,1.58808271e-01,1.02245270e-01,5284,3.83900000e+00,; 
5.50000000e-03,0.00000000e+00,0.00000000e+00,0.00000000e+00,1.38676824e+00,1.70294015e-01,1.10904149e-01,4571,3.33200000e+00,; 
6.00000000e-03,0.00000000e+00,0.00000000e+00,0.00000000e+00,1.60282872e+00,1.85228654e-01,1.19200183e-01,4754,3.47500000e+00,; 
6.50000000e-03,0.00000000e+00,0.00000000e+00,0.00000000e+00,1.82492486e+00,1.97768499e-01,1.27244820e-01,3911,2.80100000e+00,; 
7.00000000e-03,0.00000000e+00,0.00000000e+00,0.00000000e+00,2.05552023e+00,2.09873471e-01,1.35048250e-01,3680,2.67700000e+00,; 
7.50000000e-03,0.00000000e+00,0.00000000e+00,0.00000000e+00,2.29260776e+00,2.21647524e-01,1.42616458e-01,3482,2.54700000e+00,; 
8.00000000e-03,0.00000000e+00,0.00000000e+00,0.00000000e+00,2.53551424e+00,2.33348310e-01,1.49950933e-01,3310,2.42000000e+00,; 
8.50000000e-03,0.00000000e+00,0.00000000e+00,0.00000000e+00,2.78427356e+00,2.45268480e-01,1.57046000e-01,3194,2.34200000e+00,; 
9.00000000e-03,0.00000000e+00,0.00000000e+00,0.00000000e+00,3.03587556e+00,2.57064683e-01,1.63906131e-01,3037,2.23200000e+00,; 
9.50000000e-03,0.00000000e+00,0.00000000e+00,0.00000000e+00,3.28980917e+00,2.68851686e-01,1.70529075e-01,2887,2.14800000e+00,; 
1.00000000e-02,0.00000000e+00,0.00000000e+00,0.00000000e+00,3.54483390e+00,2.80279368e-01,1.76927732e-01,2732,2.17600000e+00,; 
1.05000000e-02,0.00000000e+00,0.00000000e+00,0.00000000e+00,3.79973918e+00,2.91660255e-01,1.83094657e-01,2597,2.16800000e+00,; 
1.10000000e-02,0.00000000e+00,0.00000000e+00,0.00000000e+00,4.05378688e+00,3.02664444e-01,1.89041372e-01,2452,2.15400000e+00,; 
1.15000000e-02,0.00000000e+00,0.00000000e+00,0.00000000e+00,4.30688135e+00,3.13246408e-01,1.94783508e-01,2331,2.21100000e+00,; 
1.20000000e-02,0.00000000e+00,0.00000000e+00,0.00000000e+00,4.55751787e+00,3.23834650e-01,2.00306829e-01,2219,2.16100000e+00,; 
1.25000000e-02,0.00000000e+00,0.00000000e+00,0.00000000e+00,4.80660164e+00,3.34095496e-01,2.05632627e-01,2109,2.26000000e+00,; 
1.30000000e-02,0.00000000e+00,0.00000000e+00,0.00000000e+00,5.05340412e+00,3.44347544e-01,2.10754094e-01,2022,2.20100000e+00,; 
1.35000000e-02,0.00000000e+00,0.00000000e+00,0.00000000e+00,5.29641914e+00,3.54362613e-01,2.15676892e-01,1924,2.16200000e+00,; 
1.40000000e-02,0.00000000e+00,0.00000000e+00,0.00000000e+00,5.53535988e+00,3.64180859e-01,2.20404366e-01,1832,2.11000000e+00,; 
1.45000000e-02,0.00000000e+00,0.00000000e+00,0.00000000e+00,5.76923724e+00,3.73710290e-01,2.24941001e-01,1740,2.05600000e+00,; 
1.50000000e-02,0.00000000e+00,0.00000000e+00,0.00000000e+00,5.99873992e+00,3.81755416e-01,2.29328120e-01,14470,1.49510000e+01,; 
1.55000000e-02,0.00000000e+00,0.00000000e+00,0.00000000e+00,6.22156043e+00,3.90555703e-01,2.33540907e-01,14515,1.52900000e+01,; 
1.60000000e-02,2.30792114e-06,4.61584228e-03,9.23168456e+00,6.45038230e+00,3.98050473e-01,2.37686467e-01,14424,1.36720000e+01,; 
1.65000000e-02,9.29841474e-06,1.39809872e-02,1.87302899e+01,6.67184699e+00,4.06149069e-01,2.41606791e-01,14462,1.61930000e+01,; 
1.70000000e-02,2.32514177e-05,2.79060060e-02,2.78500376e+01,6.90669922e+00,4.12667478e-01,2.45418959e-01,14166,1.59920000e+01,; 
1.75000000e-02,4.65594417e-05,4.66160479e-02,3.74200837e+01,7.14385026e+00,4.19985659e-01,2.49023109e-01,13889,1.33390000e+01,; 
1.80000000e-02,8.16028288e-05,7.00867742e-02,4.69414526e+01,7.46766568e+00,4.23393433e-01,2.52579990e-01,13439,1.27220000e+01,; 
1.85000000e-02,1.31619371e-04,1.00033084e-01,5.98926189e+01,7.84089643e+00,4.26914254e-01,2.56065994e-01,13550,1.33210000e+01,; 
1.90000000e-02,2.00303797e-04,1.37368854e-01,7.46715403e+01,8.31576088e+00,4.27972964e-01,2.59561760e-01,13372,1.50790000e+01,; 
1.95000000e-02,2.92337456e-04,1.84067318e-01,9.33969284e+01,8.88525262e+00,4.27122642e-01,2.63108557e-01,13375,1.54850000e+01,; 
2.00000000e-02,4.13297255e-04,2.41919598e-01,1.15704559e+02,9.41842317e+00,4.19883038e-01,2.66877322e-01,13362,1.36730000e+01,; 
2.05000000e-02,5.68270086e-04,3.09945662e-01,1.36052128e+02,1.05533938e+01,4.20140465e-01,2.70605203e-01,13806,1.48500000e+01,; 
2.10000000e-02,7.68480283e-04,4.00420394e-01,1.80949465e+02,1.21572697e+01,3.80405820e-01,2.74998313e-01,15052,1.78330000e+01,; 
2.15000000e-02,1.02986197e-03,5.22763376e-01,2.44685965e+02,1.42932169e+01,3.94262192e-01,2.79216733e-01,17073,2.03920000e+01,; 
2.20000000e-02,1.37365553e-03,6.87587121e-01,3.29647490e+02,2.03822010e+01,3.22279604e-01,2.84745275e-01,18813,2.60920000e+01,; 
2.25000000e-02,1.86196066e-03,9.76610256e-01,5.78046269e+02,3.64981944e+01,2.64270786e-01,2.91486329e-01,18727,2.68810000e+01,; 
2.30000000e-02,2.40000000e-03,1.40791818e+00,8.62615849e+02,5.64856484e+01,2.75030520e-01,2.97970609e-01,18858,2.94430000e+01,; 
2.35000000e-02,2.40000000e-03,0.00000000e+00,0.00000000e+00,5.76823132e+01,2.92164209e-01,3.04115039e-01,1794,3.90600000e+00,; 
2.40000000e-02,2.40000000e-03,0.00000000e+00,0.00000000e+00,5.87288916e+01,3.09064227e-01,3.09953596e-01,1648,3.61900000e+00,; 
2.45000000e-02,2.40000000e-03,0.00000000e+00,0.00000000e+00,5.96590081e+01,3.26166983e-01,3.15416963e-01,1523,3.37600000e+00,; 
2.50000000e-02,2.40000000e-03,0.00000000e+00,0.00000000e+00,6.04928389e+01,3.42337796e-01,3.20563479e-01,1413,3.19000000e+00,; 
2.55000000e-02,2.40000000e-03,0.00000000e+00,0.00000000e+00,6.12431520e+01,3.57880793e-01,3.25402916e-01,1312,2.91100000e+00,; 
2.60000000e-02,2.40000000e-03,0.00000000e+00,0.00000000e+00,6.19220691e+01,3.72799442e-01,3.29945968e-01,1217,2.72400000e+00,; 
2.65000000e-02,2.40000000e-03,0.00000000e+00,0.00000000e+00,6.25318198e+01,3.87087450e-01,3.34205148e-01,1129,2.49100000e+00,; 
2.70000000e-02,2.40000000e-03,0.00000000e+00,0.00000000e+00,6.30839979e+01,4.00791178e-01,3.38210858e-01,1052,2.34500000e+00,; 
2.75000000e-02,2.40000000e-03,0.00000000e+00,0.00000000e+00,6.35823597e+01,4.13995812e-01,3.41956420e-01,978,2.18900000e+00,; 
2.80000000e-02,2.40000000e-03,0.00000000e+00,0.00000000e+00,6.40282284e+01,4.26584413e-01,3.45449477e-01,906,2.05400000e+00,; 
2.85000000e-02,2.40000000e-03,0.00000000e+00,0.00000000e+00,6.44229063e+01,4.38702850e-01,3.48677347e-01,832,1.88900000e+00,; 
2.90000000e-02,2.40000000e-03,0.00000000e+00,0.00000000e+00,6.47805354e+01,4.49831745e-01,3.51686752e-01,771,1.77000000e+00,; 
2.95000000e-02,2.40000000e-03,0.00000000e+00,0.00000000e+00,6.51044290e+01,4.60406897e-01,3.54486265e-01,716,1.65800000e+00,; 
3.00000000e-02,2.40000000e-03,0.00000000e+00,0.00000000e+00,6.53963503e+01,4.70366552e-01,3.57079125e-01,663,1.53300000e+00,; 
