%output by FEEM
%timesteps, displacements, velocities, accelerations, magneticforce, current, flux, steps, time
results = [
0.00000000e+00,0.00000000e+00,0.00000000e+00,0.00000000e+00,0.00000000e+00,0.00000000e+00,0.00000000e+00,0,0.00000000e+00,; 
5.00000000e-04,0.00000000e+00,0.00000000e+00,0.00000000e+00,1.53179454e-02,1.76544201e-02,1.16528514e-02,25262,1.88240000e+01,; 
1.00000000e-03,0.00000000e+00,0.00000000e+00,0.00000000e+00,5.94855123e-02,3.51232950e-02,2.29539439e-02,12271,1.02580000e+01,; 
1.50000000e-03,0.00000000e+00,0.00000000e+00,0.00000000e+00,1.29930182e-01,5.16594092e-02,3.39327429e-02,9727,9.32300000e+00,; 
2.00000000e-03,0.00000000e+00,0.00000000e+00,0.00000000e+00,2.24536226e-01,6.77505815e-02,4.45974545e-02,8939,9.48400000e+00,; 
2.50000000e-03,0.00000000e+00,0.00000000e+00,0.00000000e+00,3.41089358e-01,8.34290771e-02,5.49568224e-02,8193,8.88800000e+00,; 
3.00000000e-03,0.00000000e+00,0.00000000e+00,0.00000000e+00,4.76839737e-01,9.93989396e-02,6.49828421e-02,7432,8.66800000e+00,; 
3.50000000e-03,0.00000000e+00,0.00000000e+00,0.00000000e+00,6.30119204e-01,1.14270581e-01,7.47115553e-02,6332,7.88100000e+00,; 
4.00000000e-03,0.00000000e+00,0.00000000e+00,0.00000000e+00,7.99601398e-01,1.28631813e-01,8.41583659e-02,5849,7.55400000e+00,; 
4.50000000e-03,0.00000000e+00,0.00000000e+00,0.00000000e+00,9.83631712e-01,1.42476083e-01,9.33342585e-02,5472,7.17600000e+00,; 
5.00000000e-03,0.00000000e+00,0.00000000e+00,0.00000000e+00,1.18019111e+00,1.56359227e-01,1.02229631e-01,5158,6.89800000e+00,; 
5.50000000e-03,0.00000000e+00,0.00000000e+00,0.00000000e+00,1.38823633e+00,1.69218030e-01,1.10883160e-01,4733,6.54200000e+00,; 
6.00000000e-03,0.00000000e+00,0.00000000e+00,0.00000000e+00,1.60712868e+00,1.82241827e-01,1.19275144e-01,4583,6.39500000e+00,; 
6.50000000e-03,0.00000000e+00,0.00000000e+00,0.00000000e+00,1.83871127e+00,1.92216737e-01,1.27553428e-01,4391,6.34900000e+00,; 
7.00000000e-03,0.00000000e+00,0.00000000e+00,0.00000000e+00,2.07375630e+00,2.07251233e-01,1.35465627e-01,4454,6.52900000e+00,; 
7.50000000e-03,0.00000000e+00,0.00000000e+00,0.00000000e+00,2.31735439e+00,2.18439929e-01,1.43178846e-01,3861,5.82000000e+00,; 
8.00000000e-03,0.00000000e+00,0.00000000e+00,0.00000000e+00,2.56388156e+00,2.32280855e-01,1.50562850e-01,3754,5.94100000e+00,; 
8.50000000e-03,0.00000000e+00,0.00000000e+00,0.00000000e+00,2.81574175e+00,2.43084965e-01,1.57753846e-01,3302,5.26000000e+00,; 
9.00000000e-03,0.00000000e+00,0.00000000e+00,0.00000000e+00,3.06980753e+00,2.55361600e-01,1.64678070e-01,3222,5.19800000e+00,; 
9.50000000e-03,0.00000000e+00,0.00000000e+00,0.00000000e+00,3.32672158e+00,2.66203230e-01,1.71396139e-01,2954,4.87400000e+00,; 
1.00000000e-02,0.00000000e+00,0.00000000e+00,0.00000000e+00,3.58540872e+00,2.77298619e-01,1.77888571e-01,2839,4.67600000e+00,; 
1.05000000e-02,0.00000000e+00,0.00000000e+00,0.00000000e+00,3.84417154e+00,2.88074819e-01,1.84164977e-01,2666,4.51100000e+00,; 
1.10000000e-02,0.00000000e+00,0.00000000e+00,0.00000000e+00,4.10460745e+00,2.98404306e-01,1.90240188e-01,2543,4.29200000e+00,; 
1.15000000e-02,0.00000000e+00,0.00000000e+00,0.00000000e+00,4.36299970e+00,3.08563214e-01,1.96113663e-01,2406,3.98400000e+00,; 
1.20000000e-02,0.00000000e+00,0.00000000e+00,0.00000000e+00,4.62140572e+00,3.19129919e-01,2.01762313e-01,2308,3.82300000e+00,; 
1.25000000e-02,0.00000000e+00,0.00000000e+00,0.00000000e+00,4.87605706e+00,3.29058840e-01,2.07212688e-01,2145,3.55800000e+00,; 
1.30000000e-02,0.00000000e+00,0.00000000e+00,0.00000000e+00,5.13018375e+00,3.38196518e-01,2.12489143e-01,2043,3.42800000e+00,; 
1.35000000e-02,0.00000000e+00,0.00000000e+00,0.00000000e+00,5.38118656e+00,3.47602990e-01,2.17575000e-01,1965,3.31900000e+00,; 
1.40000000e-02,0.00000000e+00,0.00000000e+00,0.00000000e+00,5.62944742e+00,3.56556962e-01,2.22483102e-01,1871,3.18100000e+00,; 
1.45000000e-02,0.00000000e+00,0.00000000e+00,0.00000000e+00,5.87392000e+00,3.65551408e-01,2.27214466e-01,1787,3.10100000e+00,; 
1.50000000e-02,0.00000000e+00,0.00000000e+00,0.00000000e+00,6.11281328e+00,3.72616077e-01,2.31824169e-01,15173,2.25950000e+01,; 
1.55000000e-02,1.17513829e-06,2.35027658e-03,4.70055315e+00,6.34132231e+00,3.81337788e-01,2.36284987e-01,14761,2.26740000e+01,; 
1.60000000e-02,5.90118071e-06,9.45208485e-03,1.42036165e+01,6.57566670e+00,3.90075254e-01,2.40552940e-01,14659,2.26600000e+01,; 
1.65000000e-02,1.66009696e-05,2.13995778e-02,2.38949858e+01,6.82479231e+00,3.94536089e-01,2.44774011e-01,14837,2.22010000e+01,; 
1.70000000e-02,3.58282566e-05,3.84545741e-02,3.41099926e+01,7.06493780e+00,4.03660187e-01,2.48745985e-01,15193,2.20250000e+01,; 
1.75000000e-02,6.60103300e-05,6.03641468e-02,4.38191454e+01,7.31577908e+00,4.08544237e-01,2.52638220e-01,14491,2.20080000e+01,; 
1.80000000e-02,1.09643601e-04,8.72665423e-02,5.38047911e+01,7.58974689e+00,4.14067694e-01,2.56405254e-01,14407,2.18500000e+01,; 
1.85000000e-02,1.69413454e-04,1.19539706e-01,6.45463281e+01,8.07276781e+00,4.13211908e-01,2.60237322e-01,13552,2.12960000e+01,; 
1.90000000e-02,2.50120615e-04,1.61414321e-01,8.37492284e+01,8.57847140e+00,4.15340738e-01,2.64005601e-01,14088,2.10940000e+01,; 
1.95000000e-02,3.56721256e-04,2.13201283e-01,1.03573925e+02,9.18578043e+00,4.09138104e-01,2.67978774e-01,13914,2.10500000e+01,; 
2.00000000e-02,4.95129980e-04,2.76817449e-01,1.27232331e+02,9.79469484e+00,4.10911754e-01,2.71860992e-01,14566,2.22470000e+01,; 
2.05000000e-02,6.71155316e-04,3.52050671e-01,1.50466446e+02,1.10702377e+01,3.82389245e-01,2.76435271e-01,14175,2.16290000e+01,; 
2.10000000e-02,8.97404618e-04,4.52498604e-01,2.00895865e+02,1.24350398e+01,3.92814370e-01,2.80685129e-01,16934,2.72890000e+01,; 
2.15000000e-02,1.18722114e-03,5.79633035e-01,2.54268862e+02,1.59367009e+01,3.36358201e-01,2.85801676e-01,18193,2.86610000e+01,; 
2.20000000e-02,1.57596166e-03,7.77481052e-01,3.95696033e+02,2.13982536e+01,3.24160891e-01,2.91754376e-01,17451,2.74850000e+01,; 
2.25000000e-02,2.11901663e-03,1.08610994e+00,6.17257767e+02,4.58472310e+01,2.06451293e-01,2.99412340e-01,29368,4.90450000e+01,; 
2.30000000e-02,2.40000000e-03,0.00000000e+00,0.00000000e+00,6.95486500e+01,2.06689953e-01,3.07500168e-01,25930,4.19900000e+01,; 
2.35000000e-02,2.40000000e-03,0.00000000e+00,0.00000000e+00,7.28460757e+01,2.17325799e-01,3.15354119e-01,2369,4.34800000e+00,; 
2.40000000e-02,2.40000000e-03,0.00000000e+00,0.00000000e+00,7.58737588e+01,2.28905373e-01,3.22898719e-01,2180,4.01400000e+00,; 
2.45000000e-02,2.40000000e-03,0.00000000e+00,0.00000000e+00,7.88527235e+01,2.39094429e-01,3.30292088e-01,2095,3.85700000e+00,; 
2.50000000e-02,2.40000000e-03,0.00000000e+00,0.00000000e+00,8.17513871e+01,2.50133003e-01,3.37460368e-01,1993,3.67100000e+00,; 
2.55000000e-02,2.40000000e-03,0.00000000e+00,0.00000000e+00,8.45770309e+01,2.60715018e-01,3.44412957e-01,1895,3.50400000e+00,; 
2.60000000e-02,2.40000000e-03,0.00000000e+00,0.00000000e+00,8.73232259e+01,2.71777190e-01,3.51132668e-01,1801,3.32500000e+00,; 
2.65000000e-02,2.40000000e-03,0.00000000e+00,0.00000000e+00,9.00076766e+01,2.82437550e-01,3.57662408e-01,1729,3.18500000e+00,; 
2.70000000e-02,2.40000000e-03,0.00000000e+00,0.00000000e+00,9.26113759e+01,2.92886305e-01,3.63985949e-01,1643,3.03700000e+00,; 
2.75000000e-02,2.40000000e-03,0.00000000e+00,0.00000000e+00,9.51052201e+01,3.03627303e-01,3.70048045e-01,1537,2.84900000e+00,; 
2.80000000e-02,2.40000000e-03,0.00000000e+00,0.00000000e+00,9.75675421e+01,3.13987706e-01,3.75944324e-01,1494,2.77900000e+00,; 
2.85000000e-02,2.40000000e-03,0.00000000e+00,0.00000000e+00,9.99054761e+01,3.24492893e-01,3.81570586e-01,1397,2.60000000e+00,; 
2.90000000e-02,2.40000000e-03,0.00000000e+00,0.00000000e+00,1.02179376e+02,3.34408232e-01,3.87021620e-01,1339,2.49400000e+00,; 
2.95000000e-02,2.40000000e-03,0.00000000e+00,0.00000000e+00,1.04358721e+02,3.44061381e-01,3.92255269e-01,1263,2.34900000e+00,; 
3.00000000e-02,2.40000000e-03,0.00000000e+00,0.00000000e+00,1.06493296e+02,3.53379235e-01,3.97324395e-01,1223,2.27300000e+00,; 
