%output by FEEM
%timesteps, displacements, velocities, accelerations, magneticforce, current, flux
results = [
0.00000000e+00,0.00000000e+00,0.00000000e+00,0.00000000e+00,0.00000000e+00,0.00000000e+00,0.00000000e+00,; 
5.00000000e-04,0.00000000e+00,0.00000000e+00,0.00000000e+00,1.56779898e-02,1.73143046e-02,1.16537139e-02,; 
1.00000000e-03,0.00000000e+00,0.00000000e+00,0.00000000e+00,6.09153249e-02,3.41289673e-02,2.29711346e-02,; 
1.50000000e-03,0.00000000e+00,0.00000000e+00,0.00000000e+00,1.33151888e-01,5.04584064e-02,3.39619664e-02,; 
2.00000000e-03,0.00000000e+00,0.00000000e+00,0.00000000e+00,2.29998545e-01,6.63166240e-02,4.46356340e-02,; 
2.50000000e-03,0.00000000e+00,0.00000000e+00,0.00000000e+00,3.49226682e-01,8.17172182e-02,5.50012896e-02,; 
3.00000000e-03,0.00000000e+00,0.00000000e+00,0.00000000e+00,4.88758371e-01,9.66733948e-02,6.50678217e-02,; 
3.50000000e-03,0.00000000e+00,0.00000000e+00,0.00000000e+00,6.46657104e-01,1.11197978e-01,7.48438621e-02,; 
4.00000000e-03,0.00000000e+00,0.00000000e+00,0.00000000e+00,8.21119080e-01,1.25303424e-01,8.43377937e-02,; 
4.50000000e-03,0.00000000e+00,0.00000000e+00,0.00000000e+00,1.01046500e+00,1.39001825e-01,9.35577571e-02,; 
5.00000000e-03,0.00000000e+00,0.00000000e+00,0.00000000e+00,1.21313238e+00,1.52304930e-01,1.02511659e-01,; 
5.50000000e-03,0.00000000e+00,0.00000000e+00,0.00000000e+00,1.42766823e+00,1.65224145e-01,1.11207176e-01,; 
6.00000000e-03,0.00000000e+00,0.00000000e+00,0.00000000e+00,1.65270784e+00,1.77777833e-01,1.19651615e-01,; 
6.50000000e-03,0.00000000e+00,0.00000000e+00,0.00000000e+00,1.88700000e+00,1.89976815e-01,1.27852066e-01,; 
7.00000000e-03,0.00000000e+00,0.00000000e+00,0.00000000e+00,2.12938100e+00,2.01827930e-01,1.35815488e-01,; 
7.50000000e-03,0.00000000e+00,0.00000000e+00,0.00000000e+00,2.37875618e+00,2.13340020e-01,1.43548663e-01,; 
8.00000000e-03,0.00000000e+00,0.00000000e+00,0.00000000e+00,2.63490675e+00,2.24869098e-01,1.51051230e-01,; 
8.50000000e-03,0.00000000e+00,0.00000000e+00,0.00000000e+00,2.89697745e+00,2.36597641e-01,1.58318891e-01,; 
9.00000000e-03,0.00000000e+00,0.00000000e+00,0.00000000e+00,3.16312743e+00,2.48278317e-01,1.65353232e-01,; 
9.50000000e-03,0.00000000e+00,0.00000000e+00,0.00000000e+00,3.43234627e+00,2.59886529e-01,1.72155340e-01,; 
1.00000000e-02,0.00000000e+00,0.00000000e+00,0.00000000e+00,3.70291411e+00,2.71317283e-01,1.78728758e-01,; 
1.05000000e-02,0.00000000e+00,0.00000000e+00,0.00000000e+00,3.97404915e+00,2.82522482e-01,1.85078005e-01,; 
1.10000000e-02,0.00000000e+00,0.00000000e+00,0.00000000e+00,4.24486261e+00,2.93478064e-01,1.91208101e-01,; 
1.15000000e-02,0.00000000e+00,0.00000000e+00,0.00000000e+00,4.51448998e+00,3.04158370e-01,1.97124550e-01,; 
1.20000000e-02,0.00000000e+00,0.00000000e+00,0.00000000e+00,4.78277603e+00,3.14687032e-01,2.02830673e-01,; 
1.25000000e-02,0.00000000e+00,0.00000000e+00,0.00000000e+00,5.04942475e+00,3.25183874e-01,2.08326781e-01,; 
1.30000000e-02,0.00000000e+00,0.00000000e+00,0.00000000e+00,5.31309343e+00,3.35475749e-01,2.13616991e-01,; 
1.35000000e-02,0.00000000e+00,0.00000000e+00,0.00000000e+00,5.57319017e+00,3.45596259e-01,2.18704663e-01,; 
1.40000000e-02,0.00000000e+00,0.00000000e+00,0.00000000e+00,5.82883667e+00,3.55483015e-01,2.23594559e-01,; 
1.45000000e-02,0.00000000e+00,0.00000000e+00,0.00000000e+00,6.07957562e+00,3.65099271e-01,2.28292091e-01,; 
1.50000000e-02,8.28912751e-07,1.65782550e-03,3.31565101e+00,6.32072653e+00,3.74373431e-01,2.32804140e-01,; 
1.55000000e-02,4.99552680e-06,8.33322810e-03,1.33508052e+01,6.56893826e+00,3.83167672e-01,2.37140313e-01,; 
1.60000000e-02,1.50692957e-05,2.01475378e-02,2.36286194e+01,6.82579503e+00,3.91358812e-01,2.41312653e-01,; 
1.65000000e-02,3.36869209e-05,3.72352503e-02,3.41754251e+01,7.09521778e+00,3.98801265e-01,2.45336129e-01,; 
1.70000000e-02,6.35830155e-05,5.97921892e-02,4.51138777e+01,7.37598456e+00,4.05381644e-01,2.49227954e-01,; 
1.75000000e-02,1.07566819e-04,8.79676070e-02,5.63508357e+01,7.70573841e+00,4.10941202e-01,2.53008563e-01,; 
1.80000000e-02,1.68903467e-04,1.22673296e-01,6.94113780e+01,8.04861184e+00,4.15219953e-01,2.56703635e-01,; 
1.85000000e-02,2.50927766e-04,1.64048598e-01,8.27506048e+01,8.47359329e+00,4.17996240e-01,2.60343297e-01,; 
1.90000000e-02,3.57749950e-04,2.13644368e-01,9.91915393e+01,8.95630359e+00,4.18907940e-01,2.63964511e-01,; 
1.95000000e-02,4.93985862e-04,2.72471824e-01,1.17654911e+02,9.60681376e+00,4.17547213e-01,2.67613921e-01,; 
2.00000000e-02,6.65885708e-04,3.43799691e-01,1.42655735e+02,1.04535630e+01,4.13255888e-01,2.71349341e-01,; 
2.05000000e-02,8.81606169e-04,4.31440922e-01,1.75282462e+02,1.16106604e+01,4.04856454e-01,2.75252704e-01,; 
2.10000000e-02,1.15236755e-03,5.41522761e-01,2.20163678e+02,1.35277654e+01,3.90162927e-01,2.79449995e-01,; 
2.15000000e-02,1.49709441e-03,6.89453729e-01,2.95861935e+02,1.71214837e+01,3.64561267e-01,2.84161377e-01,; 
2.20000000e-02,1.95189050e-03,9.09592176e-01,4.40276894e+02,2.66542992e+01,3.15368568e-01,2.89894396e-01,; 
2.25000000e-02,2.49000000e-03,1.11076974e+00,4.02355132e+02,7.11368384e+01,2.37709546e-01,2.98259397e-01,; 
2.30000000e-02,2.49000000e-03,0.00000000e+00,0.00000000e+00,7.20280157e+01,2.57937626e-01,3.04771487e-01,; 
2.35000000e-02,2.49000000e-03,0.00000000e+00,0.00000000e+00,7.28132028e+01,2.76762322e-01,3.10954748e-01,; 
2.40000000e-02,2.49000000e-03,0.00000000e+00,0.00000000e+00,7.35231534e+01,2.95436620e-01,3.16783386e-01,; 
2.45000000e-02,2.49000000e-03,0.00000000e+00,0.00000000e+00,7.41694088e+01,3.13484300e-01,3.22289036e-01,; 
2.50000000e-02,2.49000000e-03,0.00000000e+00,0.00000000e+00,7.47421643e+01,3.30739999e-01,3.27485304e-01,; 
2.55000000e-02,2.49000000e-03,0.00000000e+00,0.00000000e+00,7.52719945e+01,3.47214228e-01,3.32375929e-01,; 
2.60000000e-02,2.49000000e-03,0.00000000e+00,0.00000000e+00,7.57434298e+01,3.63074306e-01,3.36963718e-01,; 
2.65000000e-02,2.49000000e-03,0.00000000e+00,0.00000000e+00,7.61562810e+01,3.78361975e-01,3.41255546e-01,; 
2.70000000e-02,2.49000000e-03,0.00000000e+00,0.00000000e+00,7.65225360e+01,3.92994711e-01,3.45267691e-01,; 
2.75000000e-02,2.49000000e-03,0.00000000e+00,0.00000000e+00,7.68525177e+01,4.06949812e-01,3.49010630e-01,; 
2.80000000e-02,2.49000000e-03,0.00000000e+00,0.00000000e+00,7.71503697e+01,4.20189729e-01,3.52500646e-01,; 
2.85000000e-02,2.49000000e-03,0.00000000e+00,0.00000000e+00,7.74212077e+01,4.32661881e-01,3.55753044e-01,; 
2.90000000e-02,2.49000000e-03,0.00000000e+00,0.00000000e+00,7.76680052e+01,4.44409954e-01,3.58779328e-01,; 
2.95000000e-02,2.49000000e-03,0.00000000e+00,0.00000000e+00,7.78928154e+01,4.55466120e-01,3.61592997e-01,; 
3.00000000e-02,2.49000000e-03,0.00000000e+00,0.00000000e+00,7.80950599e+01,4.65811446e-01,3.64208648e-01,; 
3.05000000e-02,2.49000000e-03,0.00000000e+00,0.00000000e+00,7.82796828e+01,4.75453622e-01,3.66639636e-01,; 
3.10000000e-02,2.49000000e-03,0.00000000e+00,0.00000000e+00,7.84485510e+01,4.84430874e-01,3.68898089e-01,; 
3.15000000e-02,2.49000000e-03,0.00000000e+00,0.00000000e+00,7.86023208e+01,4.92797387e-01,3.70994813e-01,; 
3.20000000e-02,2.49000000e-03,0.00000000e+00,0.00000000e+00,7.87423772e+01,5.00590760e-01,3.72940576e-01,; 
3.25000000e-02,2.49000000e-03,0.00000000e+00,0.00000000e+00,7.88706389e+01,5.07848584e-01,3.74745460e-01,; 
3.30000000e-02,2.49000000e-03,0.00000000e+00,0.00000000e+00,7.89886273e+01,5.14594709e-01,3.76419343e-01,; 
3.35000000e-02,2.49000000e-03,0.00000000e+00,0.00000000e+00,7.90971891e+01,5.20864745e-01,3.77971264e-01,; 
3.40000000e-02,2.49000000e-03,0.00000000e+00,0.00000000e+00,7.91969235e+01,5.26688750e-01,3.79409665e-01,; 
3.45000000e-02,2.49000000e-03,0.00000000e+00,0.00000000e+00,7.92884994e+01,5.32104962e-01,3.80742194e-01,; 
3.50000000e-02,2.49000000e-03,0.00000000e+00,0.00000000e+00,7.93725166e+01,5.37137617e-01,3.81976350e-01,; 
3.55000000e-02,2.49000000e-03,0.00000000e+00,0.00000000e+00,7.94500362e+01,5.41809592e-01,3.83119160e-01,; 
3.60000000e-02,2.49000000e-03,0.00000000e+00,0.00000000e+00,7.95214055e+01,5.46143338e-01,3.84177204e-01,; 
