%output by FEEM
%timesteps, displacements, velocities, accelerations, magneticforce, current, flux, steps, time
results = [
0.00000000e+00,0.00000000e+00,0.00000000e+00,0.00000000e+00,0.00000000e+00,0.00000000e+00,0.00000000e+00,0,0.00000000e+00,; 
5.00000000e-04,0.00000000e+00,0.00000000e+00,0.00000000e+00,1.52550015e-02,1.78634415e-02,1.16427319e-02,84215041,6.59170000e+01,; 
1.00000000e-03,0.00000000e+00,0.00000000e+00,0.00000000e+00,5.41147485e-02,3.62423668e-02,2.29180432e-02,336860164,3.26160000e+01,; 
1.50000000e-03,0.00000000e+00,0.00000000e+00,0.00000000e+00,1.03379161e-01,5.53388687e-02,3.38113425e-02,336860164,2.60330000e+01,; 
2.00000000e-03,0.00000000e+00,0.00000000e+00,0.00000000e+00,1.54743750e-01,7.52076709e-02,4.43073758e-02,336860164,2.21140000e+01,; 
2.50000000e-03,0.00000000e+00,0.00000000e+00,0.00000000e+00,2.04143673e-01,9.61316421e-02,5.43847970e-02,1094795574,1.94260000e+01,; 
3.00000000e-03,0.00000000e+00,0.00000000e+00,0.00000000e+00,2.49994132e-01,1.17870149e-01,6.40275557e-02,336860164,1.73430000e+01,; 
3.50000000e-03,0.00000000e+00,0.00000000e+00,0.00000000e+00,2.91804460e-01,1.40263933e-01,7.32226696e-02,336860164,1.52000000e+01,; 
4.00000000e-03,0.00000000e+00,0.00000000e+00,0.00000000e+00,3.29508069e-01,1.63099384e-01,8.19608004e-02,336860164,1.43030000e+01,; 
4.50000000e-03,0.00000000e+00,0.00000000e+00,0.00000000e+00,3.63302041e-01,1.86124120e-01,9.02386478e-02,336860164,1.30610000e+01,; 
5.00000000e-03,0.00000000e+00,0.00000000e+00,0.00000000e+00,3.93489247e-01,2.09104551e-01,9.80569491e-02,336860164,1.20140000e+01,; 
5.50000000e-03,0.00000000e+00,0.00000000e+00,0.00000000e+00,4.20395051e-01,2.31829194e-01,1.05420330e-01,1010580533,1.04890000e+01,; 
6.00000000e-03,0.00000000e+00,0.00000000e+00,0.00000000e+00,4.44360971e-01,2.54095150e-01,1.12339110e-01,336860164,9.71700000e+00,; 
6.50000000e-03,0.00000000e+00,0.00000000e+00,0.00000000e+00,4.65690686e-01,2.75825852e-01,1.18822499e-01,1010580533,9.40400000e+00,; 
7.00000000e-03,0.00000000e+00,0.00000000e+00,0.00000000e+00,4.84674805e-01,2.96864687e-01,1.24885468e-01,336860164,8.67400000e+00,; 
7.50000000e-03,0.00000000e+00,0.00000000e+00,0.00000000e+00,5.01564808e-01,3.17166570e-01,1.30542010e-01,252645123,7.60800000e+00,; 
8.00000000e-03,0.00000000e+00,0.00000000e+00,0.00000000e+00,5.16595094e-01,3.36624520e-01,1.35809717e-01,336860164,6.82600000e+00,; 
8.50000000e-03,0.00000000e+00,0.00000000e+00,0.00000000e+00,5.29974407e-01,3.55208352e-01,1.40706420e-01,336860164,6.15400000e+00,; 
9.00000000e-03,0.00000000e+00,0.00000000e+00,0.00000000e+00,5.41883852e-01,3.72904994e-01,1.45248580e-01,336860164,5.80000000e+00,; 
9.50000000e-03,0.00000000e+00,0.00000000e+00,0.00000000e+00,5.52492809e-01,3.89654613e-01,1.49456143e-01,336860164,5.30000000e+00,; 
1.00000000e-02,0.00000000e+00,0.00000000e+00,0.00000000e+00,5.61947407e-01,4.05478103e-01,1.53347334e-01,336860164,4.94100000e+00,; 
1.05000000e-02,0.00000000e+00,0.00000000e+00,0.00000000e+00,5.70376620e-01,4.20371341e-01,1.56940280e-01,336860164,4.52300000e+00,; 
1.10000000e-02,0.00000000e+00,0.00000000e+00,0.00000000e+00,5.77896862e-01,4.34353183e-01,1.60253376e-01,1179010615,4.20700000e+00,; 
1.15000000e-02,0.00000000e+00,0.00000000e+00,0.00000000e+00,5.84610790e-01,4.47429736e-01,1.63304831e-01,168430082,3.76100000e+00,; 
1.20000000e-02,0.00000000e+00,0.00000000e+00,0.00000000e+00,5.90610427e-01,4.59629522e-01,1.66112201e-01,168430082,3.51300000e+00,; 
1.25000000e-02,0.00000000e+00,0.00000000e+00,0.00000000e+00,5.95977074e-01,4.70974269e-01,1.68693147e-01,336860164,3.38000000e+00,; 
1.30000000e-02,0.00000000e+00,0.00000000e+00,0.00000000e+00,6.00778871e-01,4.81543473e-01,1.71062471e-01,336860164,3.13400000e+00,; 
1.35000000e-02,0.00000000e+00,0.00000000e+00,0.00000000e+00,6.05079593e-01,4.91332669e-01,1.73235993e-01,336860164,2.90400000e+00,; 
1.40000000e-02,0.00000000e+00,0.00000000e+00,0.00000000e+00,6.08936566e-01,5.00383619e-01,1.75229034e-01,336860164,2.70300000e+00,; 
1.45000000e-02,0.00000000e+00,0.00000000e+00,0.00000000e+00,6.12393687e-01,5.08781934e-01,1.77053276e-01,1010580533,2.51600000e+00,; 
1.50000000e-02,0.00000000e+00,0.00000000e+00,0.00000000e+00,6.06617388e-01,5.17473190e-01,1.78703978e-01,168430082,1.83390000e+01,; 
1.55000000e-02,0.00000000e+00,0.00000000e+00,0.00000000e+00,6.08956464e-01,5.23060151e-01,1.80243150e-01,336860164,1.81340000e+01,; 
1.60000000e-02,0.00000000e+00,0.00000000e+00,0.00000000e+00,6.06504802e-01,5.28959108e-01,1.81664051e-01,168430082,1.76220000e+01,; 
1.65000000e-02,0.00000000e+00,0.00000000e+00,0.00000000e+00,6.17834753e-01,5.38869500e-01,1.82886530e-01,168430082,1.74790000e+01,; 
1.70000000e-02,0.00000000e+00,0.00000000e+00,0.00000000e+00,6.13087164e-01,5.44511696e-01,1.83996318e-01,1010580533,1.70470000e+01,; 
1.75000000e-02,0.00000000e+00,0.00000000e+00,0.00000000e+00,6.18604984e-01,5.47384024e-01,1.85049659e-01,336860164,1.57170000e+01,; 
1.80000000e-02,0.00000000e+00,0.00000000e+00,0.00000000e+00,6.20028439e-01,5.51372941e-01,1.86022406e-01,336860164,1.59190000e+01,; 
1.85000000e-02,0.00000000e+00,0.00000000e+00,0.00000000e+00,6.20530492e-01,5.55111359e-01,1.86920526e-01,336860164,1.61760000e+01,; 
1.90000000e-02,0.00000000e+00,0.00000000e+00,0.00000000e+00,6.24831660e-01,5.59463157e-01,1.87731077e-01,1094795574,1.56430000e+01,; 
1.95000000e-02,0.00000000e+00,0.00000000e+00,0.00000000e+00,6.24360095e-01,5.62513630e-01,1.88480648e-01,1852730984,1.47950000e+01,; 
2.00000000e-02,0.00000000e+00,0.00000000e+00,0.00000000e+00,5.88541217e-01,5.65630303e-01,1.89168382e-01,336860164,1.54150000e+01,; 
2.05000000e-02,0.00000000e+00,0.00000000e+00,0.00000000e+00,6.29780432e-01,5.68647102e-01,1.89795416e-01,1010580533,1.57720000e+01,; 
2.10000000e-02,0.00000000e+00,0.00000000e+00,0.00000000e+00,6.13080759e-01,5.71287047e-01,1.90369818e-01,1010580533,1.52320000e+01,; 
2.15000000e-02,0.00000000e+00,0.00000000e+00,0.00000000e+00,6.53293973e-01,5.73943890e-01,1.90890842e-01,1852730984,1.48130000e+01,; 
2.20000000e-02,0.00000000e+00,0.00000000e+00,0.00000000e+00,6.78223739e-01,5.75354508e-01,1.91384681e-01,336860164,1.52530000e+01,; 
2.25000000e-02,0.00000000e+00,0.00000000e+00,0.00000000e+00,7.72115493e-01,5.76698723e-01,1.91850889e-01,1179010615,1.55070000e+01,; 
2.30000000e-02,0.00000000e+00,0.00000000e+00,0.00000000e+00,1.13381672e+00,5.76783239e-01,1.92315149e-01,84215041,1.41120000e+01,; 
2.35000000e-02,0.00000000e+00,0.00000000e+00,0.00000000e+00,1.13579225e+00,5.79068584e-01,1.92733865e-01,1010580533,7.41000000e-01,; 
2.40000000e-02,0.00000000e+00,0.00000000e+00,0.00000000e+00,1.13744478e+00,5.81045930e-01,1.93113555e-01,336860164,8.19000000e-01,; 
2.45000000e-02,0.00000000e+00,0.00000000e+00,0.00000000e+00,1.13892145e+00,5.82854422e-01,1.93456460e-01,1852730984,5.87000000e-01,; 
2.50000000e-02,0.00000000e+00,0.00000000e+00,0.00000000e+00,1.14026083e+00,5.84456322e-01,1.93767518e-01,-1431655779,6.83000000e-01,; 
2.55000000e-02,0.00000000e+00,0.00000000e+00,0.00000000e+00,1.14147842e+00,5.85904984e-01,1.94049605e-01,-589505328,6.50000000e-01,; 
2.60000000e-02,0.00000000e+00,0.00000000e+00,0.00000000e+00,1.14258847e+00,5.87197880e-01,1.94306266e-01,336860164,6.95000000e-01,; 
2.65000000e-02,0.00000000e+00,0.00000000e+00,0.00000000e+00,1.14359745e+00,5.88390428e-01,1.94539068e-01,336860164,6.53000000e-01,; 
2.70000000e-02,0.00000000e+00,0.00000000e+00,0.00000000e+00,1.14451262e+00,5.89471684e-01,1.94750203e-01,336860164,6.59000000e-01,; 
2.75000000e-02,0.00000000e+00,0.00000000e+00,0.00000000e+00,1.14534221e+00,5.90456172e-01,1.94941442e-01,336860164,6.38000000e-01,; 
2.80000000e-02,0.00000000e+00,0.00000000e+00,0.00000000e+00,1.14609447e+00,5.91345495e-01,1.95114867e-01,336860164,6.57000000e-01,; 
2.85000000e-02,0.00000000e+00,0.00000000e+00,0.00000000e+00,1.14677786e+00,5.92144617e-01,1.95272416e-01,336860164,5.53000000e-01,; 
2.90000000e-02,0.00000000e+00,0.00000000e+00,0.00000000e+00,1.14740093e+00,5.92863854e-01,1.95415903e-01,336860164,5.79000000e-01,; 
