%output by FEEM
%timesteps, displacements, velocities, accelerations, magneticforce, current, flux, steps, time
results = [
0.00000000e+00,0.00000000e+00,0.00000000e+00,0.00000000e+00,0.00000000e+00,0.00000000e+00,0.00000000e+00,0,0.00000000e+00,; 
5.00000000e-04,0.00000000e+00,0.00000000e+00,0.00000000e+00,1.52953740e-02,1.78630415e-02,1.16488430e-02,25318,1.78930000e+01,; 
1.00000000e-03,0.00000000e+00,0.00000000e+00,0.00000000e+00,5.94197625e-02,3.53362317e-02,2.29512403e-02,12281,8.41700000e+00,; 
1.50000000e-03,0.00000000e+00,0.00000000e+00,0.00000000e+00,1.29934190e-01,5.20282107e-02,3.39377116e-02,10268,7.00800000e+00,; 
2.00000000e-03,0.00000000e+00,0.00000000e+00,0.00000000e+00,2.24435591e-01,6.83901131e-02,4.46030008e-02,9338,6.42800000e+00,; 
2.50000000e-03,0.00000000e+00,0.00000000e+00,0.00000000e+00,3.40721264e-01,8.43789380e-02,5.49558881e-02,8379,5.73200000e+00,; 
3.00000000e-03,0.00000000e+00,0.00000000e+00,0.00000000e+00,4.76992913e-01,9.99827012e-02,6.50210726e-02,7567,5.19300000e+00,; 
3.50000000e-03,0.00000000e+00,0.00000000e+00,0.00000000e+00,6.29287468e-01,1.16191566e-01,7.46931358e-02,6722,4.61300000e+00,; 
4.00000000e-03,0.00000000e+00,0.00000000e+00,0.00000000e+00,7.98642509e-01,1.28333475e-01,8.41892715e-02,5598,3.85800000e+00,; 
4.50000000e-03,0.00000000e+00,0.00000000e+00,0.00000000e+00,9.84574349e-01,1.43883932e-01,9.34195327e-02,6272,4.33300000e+00,; 
5.00000000e-03,0.00000000e+00,0.00000000e+00,0.00000000e+00,1.17931912e+00,1.58808271e-01,1.02245270e-01,5284,3.64200000e+00,; 
5.50000000e-03,0.00000000e+00,0.00000000e+00,0.00000000e+00,1.38676824e+00,1.70294015e-01,1.10904149e-01,4571,3.16400000e+00,; 
6.00000000e-03,0.00000000e+00,0.00000000e+00,0.00000000e+00,1.60282872e+00,1.85228654e-01,1.19200183e-01,4754,3.29600000e+00,; 
6.50000000e-03,0.00000000e+00,0.00000000e+00,0.00000000e+00,1.82492486e+00,1.97768499e-01,1.27244820e-01,3911,2.65300000e+00,; 
7.00000000e-03,0.00000000e+00,0.00000000e+00,0.00000000e+00,2.05552023e+00,2.09873471e-01,1.35048250e-01,3680,2.57700000e+00,; 
7.50000000e-03,0.00000000e+00,0.00000000e+00,0.00000000e+00,2.29260776e+00,2.21647524e-01,1.42616458e-01,3482,2.43700000e+00,; 
8.00000000e-03,0.00000000e+00,0.00000000e+00,0.00000000e+00,2.53551424e+00,2.33348310e-01,1.49950933e-01,3310,2.29800000e+00,; 
8.50000000e-03,0.00000000e+00,0.00000000e+00,0.00000000e+00,2.78427355e+00,2.45268481e-01,1.57046000e-01,3194,2.22400000e+00,; 
9.00000000e-03,0.00000000e+00,0.00000000e+00,0.00000000e+00,3.03587556e+00,2.57064680e-01,1.63906131e-01,3037,2.13600000e+00,; 
9.50000000e-03,0.00000000e+00,0.00000000e+00,0.00000000e+00,3.28980914e+00,2.68851690e-01,1.70529074e-01,2887,1.98000000e+00,; 
1.00000000e-02,0.00000000e+00,0.00000000e+00,0.00000000e+00,3.54483392e+00,2.80279335e-01,1.76927733e-01,2732,2.02700000e+00,; 
1.05000000e-02,0.00000000e+00,0.00000000e+00,0.00000000e+00,3.79973887e+00,2.91660296e-01,1.83094650e-01,2597,2.01600000e+00,; 
1.10000000e-02,0.00000000e+00,0.00000000e+00,0.00000000e+00,4.05378708e+00,3.02664359e-01,1.89041379e-01,2452,2.05000000e+00,; 
1.15000000e-02,0.00000000e+00,0.00000000e+00,0.00000000e+00,4.30688077e+00,3.13246887e-01,1.94783492e-01,2331,2.13000000e+00,; 
1.20000000e-02,0.00000000e+00,0.00000000e+00,0.00000000e+00,4.55752158e+00,3.23833854e-01,2.00306930e-01,2219,2.07500000e+00,; 
1.25000000e-02,0.00000000e+00,0.00000000e+00,0.00000000e+00,4.80670523e+00,3.34093977e-01,2.05634449e-01,2110,2.12000000e+00,; 
1.30000000e-02,0.00000000e+00,0.00000000e+00,0.00000000e+00,5.05357705e+00,3.44332310e-01,2.10757332e-01,2023,2.10300000e+00,; 
1.35000000e-02,0.00000000e+00,0.00000000e+00,0.00000000e+00,5.29662456e+00,3.54384359e-01,2.15680503e-01,1925,2.06800000e+00,; 
1.40000000e-02,0.00000000e+00,0.00000000e+00,0.00000000e+00,5.53551614e+00,3.64166166e-01,2.20407654e-01,1831,2.01600000e+00,; 
1.45000000e-02,0.00000000e+00,0.00000000e+00,0.00000000e+00,5.76953831e+00,3.73719332e-01,2.24945984e-01,1742,1.96400000e+00,; 
1.50000000e-02,0.00000000e+00,0.00000000e+00,0.00000000e+00,5.99898048e+00,3.81769358e-01,2.29332642e-01,14470,1.43010000e+01,; 
1.55000000e-02,0.00000000e+00,0.00000000e+00,0.00000000e+00,6.22189362e+00,3.90540657e-01,2.33546732e-01,14515,1.46000000e+01,; 
1.60000000e-02,2.31139185e-06,4.62278370e-03,9.24556740e+00,6.44809971e+00,3.98301013e-01,2.37651767e-01,14408,1.29990000e+01,; 
1.65000000e-02,9.28156587e-06,1.39403480e-02,1.86351287e+01,6.67006934e+00,4.06056691e-01,2.41573565e-01,14407,1.53030000e+01,; 
1.70000000e-02,2.31957972e-05,2.78284626e-02,2.77762291e+01,6.90437008e+00,4.12608958e-01,2.45378675e-01,14167,1.52430000e+01,; 
1.75000000e-02,4.64410022e-05,4.64904101e-02,3.73238950e+01,7.14167446e+00,4.19900738e-01,2.48984418e-01,13886,1.27230000e+01,; 
1.80000000e-02,8.13993630e-05,6.99167217e-02,4.68526232e+01,7.46542741e+00,4.23316808e-01,2.52542650e-01,13440,1.21320000e+01,; 
1.85000000e-02,1.31308349e-04,9.98179714e-02,5.98024994e+01,7.83880956e+00,4.26811891e-01,2.56031964e-01,13551,1.25710000e+01,; 
1.90000000e-02,1.99864682e-04,1.37112667e-01,7.45893903e+01,8.31206120e+00,4.28230456e-01,2.59505995e-01,13368,1.43500000e+01,; 
1.95000000e-02,2.91733404e-04,1.83737445e-01,9.32495560e+01,8.87047590e+00,4.28204019e-01,2.62959463e-01,13240,1.44640000e+01,; 
2.00000000e-02,4.12376674e-04,2.41286540e-01,1.15098191e+02,9.47056523e+00,4.07540828e-01,2.67120956e-01,13451,1.31460000e+01,; 
2.05000000e-02,5.67579676e-04,3.10406004e-01,1.38238929e+02,1.05598626e+01,4.23587202e-01,2.70655665e-01,15838,1.62790000e+01,; 
2.10000000e-02,7.68090094e-04,4.01020836e-01,1.81229664e+02,1.22298370e+01,3.79115078e-01,2.75073234e-01,15422,1.71410000e+01,; 
2.15000000e-02,1.03052942e-03,5.24878651e-01,2.47715631e+02,1.42999000e+01,3.94456206e-01,2.79288052e-01,17291,1.97240000e+01,; 
2.20000000e-02,1.37544766e-03,6.89836473e-01,3.29915642e+02,2.03917369e+01,3.22398689e-01,2.84816337e-01,18810,2.48820000e+01,; 
2.25000000e-02,1.86496987e-03,9.79044434e-01,5.78415923e+02,3.65091375e+01,2.64433941e-01,2.91552207e-01,18717,2.54380000e+01,; 
2.30000000e-02,2.40000000e-03,1.40974215e+00,8.61395429e+02,5.64980357e+01,2.75197279e-01,2.98033388e-01,18850,2.80380000e+01,; 
2.35000000e-02,2.40000000e-03,0.00000000e+00,0.00000000e+00,5.76935569e+01,2.92320003e-01,3.04175769e-01,1793,3.74700000e+00,; 
2.40000000e-02,2.40000000e-03,0.00000000e+00,0.00000000e+00,5.87315086e+01,3.09448913e-01,3.09971524e-01,1635,3.45400000e+00,; 
2.45000000e-02,2.40000000e-03,0.00000000e+00,0.00000000e+00,5.96619407e+01,3.26199476e-01,3.15436840e-01,1520,3.22900000e+00,; 
2.50000000e-02,2.40000000e-03,0.00000000e+00,0.00000000e+00,6.04951649e+01,3.42424031e-01,3.20578522e-01,1412,2.98400000e+00,; 
2.55000000e-02,2.40000000e-03,0.00000000e+00,0.00000000e+00,6.12473011e+01,3.57868289e-01,3.25429698e-01,1315,2.78900000e+00,; 
2.60000000e-02,2.40000000e-03,0.00000000e+00,0.00000000e+00,6.19261770e+01,3.72865105e-01,3.29973082e-01,1218,2.59000000e+00,; 
2.65000000e-02,2.40000000e-03,0.00000000e+00,0.00000000e+00,6.25356905e+01,3.87157266e-01,3.34232775e-01,1129,2.41300000e+00,; 
2.70000000e-02,2.40000000e-03,0.00000000e+00,0.00000000e+00,6.30842079e+01,4.00979744e-01,3.38212972e-01,1045,2.20800000e+00,; 
2.75000000e-02,2.40000000e-03,0.00000000e+00,0.00000000e+00,6.35820386e+01,4.14023719e-01,3.41956007e-01,976,2.11000000e+00,; 
2.80000000e-02,2.40000000e-03,0.00000000e+00,0.00000000e+00,6.40281409e+01,4.26585012e-01,3.45448936e-01,906,1.96300000e+00,; 
2.85000000e-02,2.40000000e-03,0.00000000e+00,0.00000000e+00,6.44233091e+01,4.38662078e-01,3.48680448e-01,833,1.82000000e+00,; 
2.90000000e-02,2.40000000e-03,0.00000000e+00,0.00000000e+00,6.47808061e+01,4.49854434e-01,3.51688542e-01,771,1.70000000e+00,; 
2.95000000e-02,2.40000000e-03,0.00000000e+00,0.00000000e+00,6.51037495e+01,4.60431606e-01,3.54480200e-01,714,1.58100000e+00,; 
3.00000000e-02,2.40000000e-03,0.00000000e+00,0.00000000e+00,6.53965833e+01,4.70348071e-01,3.57081753e-01,665,1.48900000e+00,; 
